30 15 30
ENVIRONMENT 0.1 0.25 0.5 1 1 0.9 0.9 0.9 0.5 -1 0.688
PART 1 2 0.9 0.3 0.3 L-SHIELD
PARTCELL 1 0 0 0 2
PARTCELL 1 1 0 0 3
PARTCELL 1 2 0 0 3
PARTCELL 1 2 1 0 2
PARTCELL 1 2 2 0 2
PART 2 2 0.9 0.8 0.2 T-BRIDGE
PARTCELL 2 1 0 0 2
PARTCELL 2 1 1 0 2
PARTCELL 2 0 2 0 2
PARTCELL 2 1 2 0 2
PARTCELL 2 2 2 0 2
PART 3 2 0.2 0.7 0.9 LADDER-WALL
PARTCELL 3 0 0 0 3
PARTCELL 3 1 0 0 2
PARTCELL 3 0 1 0 3
PARTCELL 3 1 1 0 2
PARTCELL 3 0 2 0 3
PARTCELL 3 1 2 0 2
PART 4 2 0.4 0.9 0.4 MY PART A
PARTCELL 4 0 0 0 2
PART 5 2 0.8 0.4 0.9 MY PART B
PARTCELL 5 0 0 0 3
0 0 0 1 0 0 0
1 0 0 1 0 0 0
2 0 0 1 0 0 0
3 0 0 1 0 0 0
4 0 0 1 0 0 0
11 0 0 1 0 0 0
12 0 0 1 0 0 0
13 0 0 1 0 0 0
14 0 0 1 0 0 0
15 0 0 1 0 0 0
16 0 0 1 0 0 0
17 0 0 1 0 0 0
18 0 0 1 0 0 0
19 0 0 1 0 0 0
20 0 0 1 0 0 0
21 0 0 1 0 0 0
22 0 0 1 0 0 0
23 0 0 1 0 0 0
24 0 0 1 0 0 0
25 0 0 1 0 0 0
26 0 0 1 0 0 0
27 0 0 1 0 0 0
28 0 0 1 0 0 0
29 0 0 1 0 0 0
0 0 1 1 0 0 0
1 0 1 1 0 0 0
2 0 1 1 0 0 0
3 0 1 1 0 0 0
4 0 1 1 0 0 0
11 0 1 1 0 0 0
12 0 1 1 0 0 0
13 0 1 1 0 0 0
14 0 1 1 0 0 0
15 0 1 1 0 0 0
16 0 1 1 0 0 0
25 0 1 1 0 0 0
26 0 1 1 0 0 0
27 0 1 1 0 0 0
28 0 1 1 0 0 0
29 0 1 1 0 0 0
0 0 2 1 0 0 0
1 0 2 1 0 0 0
2 0 2 1 0 0 0
3 0 2 1 0 0 0
4 0 2 1 0 0 0
11 0 2 1 0 0 0
12 0 2 1 0 0 0
13 0 2 1 0 0 0
14 0 2 1 0 0 0
15 0 2 1 0 0 0
16 0 2 1 0 0 0
25 0 2 1 0 0 0
26 0 2 1 0 0 0
27 0 2 1 0 0 0
28 0 2 1 0 0 0
29 0 2 1 0 0 0
0 0 3 1 0 0 0
1 0 3 1 0 0 0
2 0 3 1 0 0 0
3 0 3 1 0 0 0
4 0 3 1 0 0 0
11 0 3 1 0 0 0
12 0 3 1 0 0 0
13 0 3 1 0 0 0
14 0 3 1 0 0 0
15 0 3 1 0 0 0
16 0 3 1 0 0 0
25 0 3 1 0 0 0
26 0 3 1 0 0 0
27 0 3 1 0 0 0
28 0 3 1 0 0 0
29 0 3 1 0 0 0
0 0 4 1 0 0 0
1 0 4 1 0 0 0
2 0 4 1 0 0 0
3 0 4 1 0 0 0
4 0 4 1 0 0 0
11 0 4 1 0 0 0
12 0 4 1 0 0 0
13 0 4 1 0 0 0
14 0 4 1 0 0 0
15 0 4 1 0 0 0
16 0 4 1 0 0 0
25 0 4 1 0 0 0
26 0 4 1 0 0 0
27 0 4 1 0 0 0
28 0 4 1 0 0 0
29 0 4 1 0 0 0
0 0 5 1 0 0 0
1 0 5 1 0 0 0
2 0 5 1 0 0 0
3 0 5 1 0 0 0
4 0 5 1 0 0 0
11 0 5 1 0 0 0
12 0 5 1 0 0 0
13 0 5 1 0 0 0
14 0 5 1 0 0 0
15 0 5 1 0 0 0
16 0 5 1 0 0 0
25 0 5 1 0 0 0
26 0 5 1 0 0 0
27 0 5 1 0 0 0
28 0 5 1 0 0 0
29 0 5 1 0 0 0
0 0 6 1 0 0 0
1 0 6 1 0 0 0
2 0 6 1 0 0 0
3 0 6 1 0 0 0
4 0 6 1 0 0 0
11 0 6 1 0 0 0
12 0 6 1 0 0 0
13 0 6 1 0 0 0
14 0 6 1 0 0 0
15 0 6 1 0 0 0
16 0 6 1 0 0 0
25 0 6 1 0 0 0
26 0 6 1 0 0 0
27 0 6 1 0 0 0
28 0 6 1 0 0 0
29 0 6 1 0 0 0
0 0 7 1 0 0 0
1 0 7 1 0 0 0
2 0 7 1 0 0 0
3 0 7 1 0 0 0
4 0 7 1 0 0 0
11 0 7 1 0 0 0
12 0 7 1 0 0 0
13 0 7 1 0 0 0
14 0 7 1 0 0 0
15 0 7 1 0 0 0
16 0 7 1 0 0 0
17 0 7 1 0 0 0
18 0 7 1 0 0 0
19 0 7 1 0 0 0
20 0 7 1 0 0 0
21 0 7 1 0 0 0
22 0 7 1 0 0 0
23 0 7 1 0 0 0
24 0 7 1 0 0 0
25 0 7 1 0 0 0
26 0 7 1 0 0 0
27 0 7 1 0 0 0
28 0 7 1 0 0 0
29 0 7 1 0 0 0
0 0 8 1 0 0 0
1 0 8 1 0 0 0
2 0 8 1 0 0 0
3 0 8 1 0 0 0
4 0 8 1 0 0 0
11 0 8 1 0 0 0
17 0 8 1 0 0 0
18 0 8 1 0 0 0
19 0 8 1 0 0 0
20 0 8 1 0 0 0
21 0 8 1 0 0 0
22 0 8 1 0 0 0
23 0 8 1 0 0 0
24 0 8 1 0 0 0
25 0 8 1 0 0 0
26 0 8 1 0 0 0
27 0 8 1 0 0 0
28 0 8 1 0 0 0
29 0 8 1 0 0 0
0 0 9 1 0 0 0
1 0 9 1 0 0 0
2 0 9 1 0 0 0
3 0 9 1 0 0 0
4 0 9 1 0 0 0
11 0 9 1 0 0 0
17 0 9 1 0 0 0
18 0 9 1 0 0 0
19 0 9 1 0 0 0
20 0 9 1 0 0 0
21 0 9 1 0 0 0
22 0 9 1 0 0 0
23 0 9 1 0 0 0
24 0 9 1 0 0 0
25 0 9 1 0 0 0
26 0 9 1 0 0 0
27 0 9 1 0 0 0
28 0 9 1 0 0 0
29 0 9 1 0 0 0
0 0 10 1 0 0 0
1 0 10 1 0 0 0
2 0 10 1 0 0 0
3 0 10 1 0 0 0
4 0 10 1 0 0 0
11 0 10 1 0 0 0
17 0 10 1 0 0 0
24 0 10 1 0 0 0
0 0 11 1 0 0 0
1 0 11 1 0 0 0
2 0 11 1 0 0 0
3 0 11 1 0 0 0
4 0 11 1 0 0 0
11 0 11 1 0 0 0
17 0 11 1 0 0 0
24 0 11 1 0 0 0
4 0 12 1 0 0 0
11 0 12 1 0 0 0
17 0 12 1 0 0 0
24 0 12 1 0 0 0
4 0 13 1 0 0 0
11 0 13 1 0 0 0
17 0 13 1 0 0 0
24 0 13 1 0 0 0
4 0 14 1 0 0 0
11 0 14 1 0 0 0
17 0 14 1 0 0 0
24 0 14 1 0 0 0
4 0 15 1 0 0 0
11 0 15 1 0 0 0
17 0 15 1 0 0 0
24 0 15 1 0 0 0
4 0 16 1 0 0 0
11 0 16 1 0 0 0
17 0 16 1 0 0 0
24 0 16 1 0 0 0
4 0 17 1 0 0 0
11 0 17 1 0 0 0
17 0 17 1 0 0 0
24 0 17 1 0 0 0
4 0 18 1 0 0 0
11 0 18 1 0 0 0
17 0 18 1 0 0 0
24 0 18 1 0 0 0
25 0 18 1 0 0 0
26 0 18 1 0 0 0
27 0 18 1 0 0 0
28 0 18 1 0 0 0
29 0 18 1 0 0 0
4 0 19 1 0 0 0
11 0 19 1 0 0 0
17 0 19 1 0 0 0
24 0 19 1 0 0 0
25 0 19 1 0 0 0
26 0 19 1 0 0 0
27 0 19 1 0 0 0
28 0 19 1 0 0 0
29 0 19 1 0 0 0
4 0 20 1 0 0 0
11 0 20 1 0 0 0
17 0 20 1 0 0 0
24 0 20 1 0 0 0
25 0 20 1 0 0 0
26 0 20 1 0 0 0
27 0 20 1 0 0 0
28 0 20 1 0 0 0
29 0 20 1 0 0 0
4 0 21 1 0 0 0
11 0 21 1 0 0 0
17 0 21 1 0 0 0
24 0 21 1 0 0 0
25 0 21 1 0 0 0
26 0 21 1 0 0 0
27 0 21 1 0 0 0
28 0 21 1 0 0 0
29 0 21 1 0 0 0
4 0 22 1 0 0 0
11 0 22 1 0 0 0
17 0 22 1 0 0 0
24 0 22 1 0 0 0
25 0 22 1 0 0 0
26 0 22 1 0 0 0
27 0 22 1 0 0 0
28 0 22 1 0 0 0
29 0 22 1 0 0 0
4 0 23 1 0 0 0
5 0 23 1 0 0 0
6 0 23 1 0 0 0
7 0 23 1 0 0 0
8 0 23 1 0 0 0
9 0 23 1 0 0 0
10 0 23 1 0 0 0
11 0 23 1 0 0 0
12 0 23 1 0 0 0
13 0 23 1 0 0 0
14 0 23 1 0 0 0
15 0 23 1 0 0 0
16 0 23 1 0 0 0
17 0 23 1 0 0 0
24 0 23 1 0 0 0
25 0 23 1 0 0 0
26 0 23 1 0 0 0
27 0 23 1 0 0 0
28 0 23 1 0 0 0
29 0 23 1 0 0 0
0 0 24 1 0 0 0
1 0 24 1 0 0 0
2 0 24 1 0 0 0
3 0 24 1 0 0 0
4 0 24 1 0 0 0
5 0 24 1 0 0 0
6 0 24 1 0 0 0
7 0 24 1 0 0 0
8 0 24 1 0 0 0
9 0 24 1 0 0 0
10 0 24 1 0 0 0
11 0 24 1 0 0 0
12 0 24 1 0 0 0
13 0 24 1 0 0 0
14 0 24 1 0 0 0
15 0 24 1 0 0 0
16 0 24 1 0 0 0
17 0 24 1 0 0 0
18 0 24 1 0 0 0
19 0 24 1 0 0 0
20 0 24 1 0 0 0
21 0 24 1 0 0 0
22 0 24 1 0 0 0
23 0 24 1 0 0 0
24 0 24 1 0 0 0
25 0 24 1 0 0 0
26 0 24 1 0 0 0
27 0 24 1 0 0 0
28 0 24 1 0 0 0
29 0 24 1 0 0 0
0 0 25 1 0 0 0
1 0 25 1 0 0 0
2 0 25 1 0 0 0
3 0 25 1 0 0 0
4 0 25 1 0 0 0
5 0 25 1 0 0 0
6 0 25 1 0 0 0
7 0 25 1 0 0 0
8 0 25 1 0 0 0
9 0 25 1 0 0 0
10 0 25 1 0 0 0
11 0 25 1 0 0 0
12 0 25 1 0 0 0
13 0 25 1 0 0 0
14 0 25 1 0 0 0
15 0 25 1 0 0 0
16 0 25 1 0 0 0
17 0 25 1 0 0 0
18 0 25 1 0 0 0
19 0 25 1 0 0 0
20 0 25 1 0 0 0
21 0 25 1 0 0 0
22 0 25 1 0 0 0
23 0 25 1 0 0 0
24 0 25 1 0 0 0
25 0 25 1 0 0 0
26 0 25 1 0 0 0
27 0 25 1 0 0 0
28 0 25 1 0 0 0
29 0 25 1 0 0 0
0 0 26 1 0 0 0
1 0 26 1 0 0 0
2 0 26 1 0 0 0
3 0 26 1 0 0 0
4 0 26 1 0 0 0
5 0 26 1 0 0 0
6 0 26 1 0 0 0
7 0 26 1 0 0 0
8 0 26 1 0 0 0
9 0 26 1 0 0 0
10 0 26 1 0 0 0
11 0 26 1 0 0 0
12 0 26 1 0 0 0
13 0 26 1 0 0 0
14 0 26 1 0 0 0
15 0 26 1 0 0 0
16 0 26 1 0 0 0
17 0 26 1 0 0 0
18 0 26 1 0 0 0
19 0 26 1 0 0 0
20 0 26 1 0 0 0
21 0 26 1 0 0 0
22 0 26 1 0 0 0
23 0 26 1 0 0 0
24 0 26 1 0 0 0
25 0 26 1 0 0 0
26 0 26 1 0 0 0
27 0 26 1 0 0 0
28 0 26 1 0 0 0
29 0 26 1 0 0 0
0 0 27 1 0 0 0
1 0 27 1 0 0 0
2 0 27 1 0 0 0
3 0 27 1 0 0 0
4 0 27 1 0 0 0
5 0 27 1 0 0 0
6 0 27 1 0 0 0
7 0 27 1 0 0 0
8 0 27 1 0 0 0
9 0 27 1 0 0 0
10 0 27 1 0 0 0
11 0 27 1 0 0 0
12 0 27 1 0 0 0
13 0 27 1 0 0 0
14 0 27 1 0 0 0
15 0 27 1 0 0 0
16 0 27 1 0 0 0
17 0 27 1 0 0 0
18 0 27 1 0 0 0
19 0 27 1 0 0 0
20 0 27 1 0 0 0
21 0 27 1 0 0 0
22 0 27 1 0 0 0
23 0 27 1 0 0 0
24 0 27 1 0 0 0
25 0 27 1 0 0 0
26 0 27 1 0 0 0
27 0 27 1 0 0 0
28 0 27 1 0 0 0
29 0 27 1 0 0 0
0 0 28 1 0 0 0
1 0 28 1 0 0 0
2 0 28 1 0 0 0
3 0 28 1 0 0 0
4 0 28 1 0 0 0
5 0 28 1 0 0 0
6 0 28 1 0 0 0
7 0 28 1 0 0 0
8 0 28 1 0 0 0
9 0 28 1 0 0 0
10 0 28 1 0 0 0
11 0 28 1 0 0 0
12 0 28 1 0 0 0
13 0 28 1 0 0 0
14 0 28 1 0 0 0
15 0 28 1 0 0 0
16 0 28 1 0 0 0
17 0 28 1 0 0 0
18 0 28 1 0 0 0
19 0 28 1 0 0 0
20 0 28 1 0 0 0
21 0 28 1 0 0 0
22 0 28 1 0 0 0
23 0 28 1 0 0 0
24 0 28 1 0 0 0
25 0 28 1 0 0 0
26 0 28 1 0 0 0
27 0 28 1 0 0 0
28 0 28 1 0 0 0
29 0 28 1 0 0 0
0 0 29 1 0 0 0
1 0 29 1 0 0 0
2 0 29 1 0 0 0
3 0 29 1 0 0 0
4 0 29 1 0 0 0
5 0 29 1 0 0 0
6 0 29 1 0 0 0
7 0 29 1 0 0 0
8 0 29 1 0 0 0
9 0 29 1 0 0 0
10 0 29 1 0 0 0
11 0 29 1 0 0 0
12 0 29 1 0 0 0
13 0 29 1 0 0 0
14 0 29 1 0 0 0
15 0 29 1 0 0 0
16 0 29 1 0 0 0
17 0 29 1 0 0 0
18 0 29 1 0 0 0
19 0 29 1 0 0 0
20 0 29 1 0 0 0
21 0 29 1 0 0 0
22 0 29 1 0 0 0
23 0 29 1 0 0 0
24 0 29 1 0 0 0
25 0 29 1 0 0 0
26 0 29 1 0 0 0
27 0 29 1 0 0 0
28 0 29 1 0 0 0
29 0 29 1 0 0 0
4 1 0 2 0 0 0
11 1 0 2 0 0 0
12 1 0 2 0 0 0
13 1 0 2 0 0 0
14 1 0 2 0 0 0
15 1 0 2 0 0 0
16 1 0 2 0 0 0
17 1 0 2 0 0 0
18 1 0 2 0 0 0
19 1 0 2 0 0 0
20 1 0 2 0 0 0
21 1 0 2 0 0 0
22 1 0 2 0 0 0
23 1 0 2 0 0 0
24 1 0 2 0 0 0
25 1 0 2 0 0 0
26 1 0 2 0 0 0
27 1 0 2 0 0 0
28 1 0 2 0 0 0
29 1 0 2 0 0 0
4 1 1 2 0 0 0
11 1 1 2 0 0 0
12 1 1 2 0 0 0
16 1 1 2 0 0 0
25 1 1 2 0 0 0
29 1 1 2 0 0 0
2 1 2 7 0 0 0
4 1 2 2 0 0 0
11 1 2 2 0 0 0
12 1 2 2 0 0 0
16 1 2 2 0 0 0
25 1 2 2 0 0 0
29 1 2 2 0 0 0
4 1 3 2 0 0 0
11 1 3 2 0 0 0
12 1 3 2 0 0 0
16 1 3 2 0 0 0
25 1 3 2 0 0 0
29 1 3 2 0 0 0
4 1 4 2 0 0 0
11 1 4 2 0 0 0
12 1 4 2 0 0 0
16 1 4 2 0 0 0
25 1 4 2 0 0 0
29 1 4 2 0 0 0
0 1 5 2 0 0 0
1 1 5 2 0 0 0
2 1 5 2 0 0 0
3 1 5 2 0 0 0
4 1 5 2 0 0 0
11 1 5 2 0 0 0
12 1 5 2 0 0 0
16 1 5 2 0 0 0
25 1 5 2 0 0 0
29 1 5 2 0 0 0
0 1 6 2 0 0 0
4 1 6 2 0 0 0
11 1 6 2 0 0 0
12 1 6 2 0 0 0
16 1 6 2 0 0 0
25 1 6 2 0 0 0
29 1 6 2 0 0 0
0 1 7 2 0 0 0
1 1 7 2 0 0 0
2 1 7 2 0 0 0
3 1 7 2 0 0 0
4 1 7 2 0 0 0
11 1 7 2 0 0 0
12 1 7 2 0 0 0
13 1 7 2 0 0 0
14 1 7 2 0 0 0
15 1 7 2 0 0 0
16 1 7 2 0 0 0
17 1 7 2 0 0 0
18 1 7 2 0 0 0
19 1 7 2 0 0 0
20 1 7 2 0 0 0
21 1 7 2 0 0 0
22 1 7 2 0 0 0
23 1 7 2 0 0 0
24 1 7 2 0 0 0
29 1 7 2 0 0 0
0 1 8 2 0 0 0
4 1 8 2 0 0 0
11 1 8 2 0 0 0
17 1 8 2 0 0 0
25 1 8 2 0 0 0
29 1 8 2 0 0 0
0 1 9 2 0 0 0
4 1 9 2 0 0 0
11 1 9 2 0 0 0
17 1 9 2 0 0 0
18 1 9 2 0 0 0
19 1 9 2 0 0 0
20 1 9 2 0 0 0
21 1 9 2 0 0 0
22 1 9 2 0 0 0
23 1 9 2 0 0 0
24 1 9 2 0 0 0
25 1 9 2 0 0 0
26 1 9 2 0 0 0
27 1 9 2 0 0 0
28 1 9 2 0 0 0
29 1 9 2 0 0 0
0 1 10 2 0 0 0
4 1 10 2 0 0 0
11 1 10 2 0 0 0
17 1 10 2 0 0 0
24 1 10 2 0 0 0
0 1 11 2 0 0 0
1 1 11 2 0 0 0
2 1 11 2 0 0 0
3 1 11 2 0 0 0
4 1 11 2 0 0 0
11 1 11 2 0 0 0
17 1 11 2 0 0 0
24 1 11 2 0 0 0
4 1 12 2 0 0 0
11 1 12 2 0 0 0
17 1 12 2 0 0 0
24 1 12 2 0 0 0
4 1 13 2 0 0 0
11 1 13 2 0 0 0
17 1 13 2 0 0 0
24 1 13 2 0 0 0
4 1 14 2 0 0 0
11 1 14 2 0 0 0
17 1 14 2 0 0 0
24 1 14 2 0 0 0
4 1 15 2 0 0 0
11 1 15 2 0 0 0
17 1 15 2 0 0 0
24 1 15 2 0 0 0
4 1 16 2 0 0 0
11 1 16 2 0 0 0
17 1 16 2 0 0 0
24 1 16 2 0 0 0
4 1 17 2 0 0 0
11 1 17 2 0 0 0
17 1 17 2 0 0 0
24 1 17 2 0 0 0
4 1 18 2 0 0 0
11 1 18 2 0 0 0
17 1 18 2 0 0 0
24 1 18 2 0 0 0
25 1 18 2 0 0 0
26 1 18 2 0 0 0
27 1 18 2 0 0 0
28 1 18 2 0 0 0
29 1 18 2 0 0 0
4 1 19 2 0 0 0
11 1 19 2 0 0 0
17 1 19 2 0 0 0
24 1 19 2 0 0 0
25 1 19 2 0 0 0
26 1 19 2 0 0 0
27 1 19 2 0 0 0
28 1 19 2 0 0 0
29 1 19 2 0 0 0
4 1 20 2 0 0 0
11 1 20 2 0 0 0
17 1 20 2 0 0 0
24 1 20 2 0 0 0
25 1 20 2 0 0 0
29 1 20 2 0 0 0
4 1 21 2 0 0 0
11 1 21 2 0 0 0
17 1 21 2 0 0 0
24 1 21 2 0 0 0
25 1 21 2 0 0 0
29 1 21 2 0 0 0
4 1 22 2 0 0 0
11 1 22 2 0 0 0
17 1 22 2 0 0 0
24 1 22 2 0 0 0
25 1 22 2 0 0 0
29 1 22 2 0 0 0
4 1 23 2 0 0 0
5 1 23 2 0 0 0
6 1 23 2 0 0 0
7 1 23 2 0 0 0
8 1 23 2 0 0 0
9 1 23 2 0 0 0
10 1 23 2 0 0 0
11 1 23 2 0 0 0
12 1 23 2 0 0 0
13 1 23 2 0 0 0
14 1 23 2 0 0 0
15 1 23 2 0 0 0
16 1 23 2 0 0 0
17 1 23 2 0 0 0
24 1 23 2 0 0 0
25 1 23 2 0 0 0
29 1 23 2 0 0 0
0 1 24 2 0 0 0
1 1 24 2 0 0 0
2 1 24 2 0 0 0
3 1 24 2 0 0 0
4 1 24 2 0 0 0
5 1 24 2 0 0 0
6 1 24 2 0 0 0
7 1 24 2 0 0 0
11 1 24 2 0 0 0
17 1 24 2 0 0 0
18 1 24 2 0 0 0
19 1 24 2 0 0 0
20 1 24 2 0 0 0
21 1 24 2 0 0 0
22 1 24 2 0 0 0
23 1 24 2 0 0 0
24 1 24 2 0 0 0
25 1 24 2 0 0 0
29 1 24 2 0 0 0
0 1 25 2 0 0 0
1 1 25 2 0 0 0
2 1 25 2 0 0 0
3 1 25 2 0 0 0
4 1 25 2 0 0 0
5 1 25 2 0 0 0
6 1 25 2 0 0 0
7 1 25 2 0 0 0
11 1 25 2 0 0 0
29 1 25 2 0 0 0
0 1 26 2 0 0 0
1 1 26 2 0 0 0
2 1 26 2 0 0 0
3 1 26 2 0 0 0
4 1 26 2 0 0 0
5 1 26 2 0 0 0
6 1 26 2 0 0 0
7 1 26 2 0 0 0
11 1 26 2 0 0 0
29 1 26 2 0 0 0
0 1 27 2 0 0 0
1 1 27 2 0 0 0
2 1 27 2 0 0 0
3 1 27 2 0 0 0
4 1 27 2 0 0 0
5 1 27 2 0 0 0
6 1 27 2 0 0 0
7 1 27 2 0 0 0
8 1 27 13 0 0 658698
9 1 27 13 0 0 658698
10 1 27 13 0 0 658698
11 1 27 2 0 0 0
29 1 27 2 0 0 0
0 1 28 2 0 0 0
1 1 28 2 0 0 0
2 1 28 2 0 0 0
3 1 28 2 0 0 0
4 1 28 2 0 0 0
5 1 28 2 0 0 0
6 1 28 2 0 0 0
7 1 28 2 0 0 0
8 1 28 13 0 0 658698
9 1 28 13 0 0 658698
10 1 28 13 0 0 658698
11 1 28 2 0 0 0
29 1 28 2 0 0 0
0 1 29 2 0 0 0
1 1 29 2 0 0 0
2 1 29 2 0 0 0
3 1 29 2 0 0 0
4 1 29 2 0 0 0
5 1 29 2 0 0 0
6 1 29 2 0 0 0
7 1 29 2 0 0 0
8 1 29 13 0 0 658698
9 1 29 13 0 0 658698
10 1 29 13 0 0 658698
11 1 29 2 0 0 0
12 1 29 2 0 0 0
13 1 29 2 0 0 0
14 1 29 2 0 0 0
15 1 29 2 0 0 0
16 1 29 2 0 0 0
17 1 29 2 0 0 0
18 1 29 2 0 0 0
19 1 29 2 0 0 0
20 1 29 2 0 0 0
21 1 29 2 0 0 0
22 1 29 2 0 0 0
23 1 29 2 0 0 0
24 1 29 2 0 0 0
25 1 29 2 0 0 0
26 1 29 2 0 0 0
27 1 29 2 0 0 0
28 1 29 2 0 0 0
29 1 29 2 0 0 0
4 2 0 2 0 0 0
11 2 0 2 0 0 0
12 2 0 2 0 0 0
13 2 0 2 0 0 0
14 2 0 2 0 0 0
15 2 0 2 0 0 0
16 2 0 2 0 0 0
17 2 0 2 0 0 0
18 2 0 2 0 0 0
19 2 0 2 0 0 0
20 2 0 2 0 0 0
21 2 0 2 0 0 0
22 2 0 2 0 0 0
23 2 0 2 0 0 0
24 2 0 2 0 0 0
25 2 0 2 0 0 0
26 2 0 2 0 0 0
27 2 0 2 0 0 0
28 2 0 2 0 0 0
29 2 0 2 0 0 0
4 2 1 2 0 0 0
11 2 1 2 0 0 0
12 2 1 2 0 0 0
16 2 1 2 0 0 0
25 2 1 2 0 0 0
29 2 1 2 0 0 0
4 2 2 2 0 0 0
11 2 2 2 0 0 0
12 2 2 2 0 0 0
16 2 2 2 0 0 0
25 2 2 2 0 0 0
29 2 2 2 0 0 0
4 2 3 2 0 0 0
11 2 3 2 0 0 0
12 2 3 2 0 0 0
16 2 3 2 0 0 0
25 2 3 2 0 0 0
29 2 3 2 0 0 0
4 2 4 2 0 0 0
11 2 4 2 0 0 0
12 2 4 2 0 0 0
16 2 4 2 0 0 0
25 2 4 2 0 0 0
29 2 4 2 0 0 0
4 2 5 2 0 0 0
11 2 5 2 0 0 0
12 2 5 2 0 0 0
16 2 5 2 0 0 0
25 2 5 2 0 0 0
29 2 5 2 0 0 0
0 2 6 2 0 0 0
1 2 6 2 0 0 0
2 2 6 2 0 0 0
3 2 6 2 0 0 0
4 2 6 2 0 0 0
11 2 6 2 0 0 0
12 2 6 2 0 0 0
16 2 6 2 0 0 0
25 2 6 2 0 0 0
29 2 6 2 0 0 0
0 2 7 2 0 0 0
1 2 7 2 0 0 0
2 2 7 2 0 0 0
3 2 7 2 0 0 0
4 2 7 2 0 0 0
11 2 7 2 0 0 0
12 2 7 2 0 0 0
13 2 7 2 0 0 0
14 2 7 2 0 0 0
15 2 7 2 0 0 0
16 2 7 2 0 0 0
17 2 7 2 0 0 0
18 2 7 2 0 0 0
19 2 7 2 0 0 0
20 2 7 2 0 0 0
21 2 7 2 0 0 0
22 2 7 2 0 0 0
23 2 7 2 0 0 0
24 2 7 2 0 0 0
29 2 7 2 0 0 0
0 2 8 2 0 0 0
4 2 8 2 0 0 0
11 2 8 2 0 0 0
17 2 8 2 0 0 0
25 2 8 2 0 0 0
29 2 8 2 0 0 0
0 2 9 2 0 0 0
4 2 9 2 0 0 0
11 2 9 2 0 0 0
17 2 9 2 0 0 0
18 2 9 2 0 0 0
19 2 9 2 0 0 0
20 2 9 2 0 0 0
21 2 9 2 0 0 0
22 2 9 2 0 0 0
23 2 9 2 0 0 0
24 2 9 2 0 0 0
25 2 9 2 0 0 0
26 2 9 2 0 0 0
27 2 9 2 0 0 0
28 2 9 2 0 0 0
29 2 9 2 0 0 0
0 2 10 2 0 0 0
4 2 10 2 0 0 0
11 2 10 2 0 0 0
17 2 10 2 0 0 0
24 2 10 2 0 0 0
0 2 11 2 0 0 0
1 2 11 2 0 0 0
2 2 11 2 0 0 0
3 2 11 2 0 0 0
4 2 11 2 0 0 0
11 2 11 2 0 0 0
17 2 11 2 0 0 0
24 2 11 2 0 0 0
4 2 12 2 0 0 0
11 2 12 2 0 0 0
17 2 12 2 0 0 0
24 2 12 2 0 0 0
4 2 13 2 0 0 0
11 2 13 2 0 0 0
17 2 13 2 0 0 0
24 2 13 2 0 0 0
4 2 14 2 0 0 0
11 2 14 2 0 0 0
17 2 14 2 0 0 0
24 2 14 2 0 0 0
4 2 15 2 0 0 0
11 2 15 2 0 0 0
17 2 15 2 0 0 0
24 2 15 2 0 0 0
4 2 16 2 0 0 0
11 2 16 2 0 0 0
17 2 16 2 0 0 0
24 2 16 2 0 0 0
4 2 17 2 0 0 0
11 2 17 2 0 0 0
17 2 17 2 0 0 0
24 2 17 2 0 0 0
4 2 18 2 0 0 0
11 2 18 2 0 0 0
17 2 18 2 0 0 0
24 2 18 2 0 0 0
25 2 18 2 0 0 0
26 2 18 2 0 0 0
27 2 18 2 0 0 0
28 2 18 2 0 0 0
29 2 18 2 0 0 0
4 2 19 2 0 0 0
11 2 19 2 0 0 0
17 2 19 2 0 0 0
24 2 19 2 0 0 0
25 2 19 2 0 0 0
26 2 19 2 0 0 0
27 2 19 2 0 0 0
28 2 19 2 0 0 0
29 2 19 2 0 0 0
4 2 20 2 0 0 0
11 2 20 2 0 0 0
17 2 20 2 0 0 0
24 2 20 2 0 0 0
25 2 20 2 0 0 0
29 2 20 2 0 0 0
4 2 21 2 0 0 0
11 2 21 2 0 0 0
17 2 21 2 0 0 0
24 2 21 2 0 0 0
25 2 21 2 0 0 0
29 2 21 2 0 0 0
4 2 22 2 0 0 0
11 2 22 2 0 0 0
17 2 22 2 0 0 0
24 2 22 2 0 0 0
25 2 22 2 0 0 0
29 2 22 2 0 0 0
4 2 23 2 0 0 0
5 2 23 2 0 0 0
6 2 23 2 0 0 0
7 2 23 2 0 0 0
8 2 23 2 0 0 0
9 2 23 2 0 0 0
10 2 23 2 0 0 0
11 2 23 2 0 0 0
12 2 23 2 0 0 0
13 2 23 2 0 0 0
14 2 23 2 0 0 0
15 2 23 2 0 0 0
16 2 23 2 0 0 0
17 2 23 2 0 0 0
24 2 23 2 0 0 0
25 2 23 2 0 0 0
29 2 23 2 0 0 0
0 2 24 2 0 0 0
1 2 24 2 0 0 0
2 2 24 2 0 0 0
3 2 24 2 0 0 0
4 2 24 2 0 0 0
11 2 24 2 0 0 0
17 2 24 2 0 0 0
18 2 24 2 0 0 0
19 2 24 2 0 0 0
20 2 24 2 0 0 0
21 2 24 2 0 0 0
22 2 24 2 0 0 0
23 2 24 2 0 0 0
24 2 24 2 0 0 0
25 2 24 2 0 0 0
29 2 24 2 0 0 0
0 2 25 2 0 0 0
4 2 25 2 0 0 0
11 2 25 2 0 0 0
29 2 25 2 0 0 0
0 2 26 2 0 0 0
4 2 26 2 0 0 0
11 2 26 2 0 0 0
29 2 26 2 0 0 0
0 2 27 2 0 0 0
4 2 27 2 0 0 0
11 2 27 2 0 0 0
29 2 27 2 0 0 0
0 2 28 2 0 0 0
4 2 28 2 0 0 0
11 2 28 2 0 0 0
29 2 28 2 0 0 0
0 2 29 2 0 0 0
1 2 29 2 0 0 0
2 2 29 2 0 0 0
3 2 29 2 0 0 0
4 2 29 2 0 0 0
11 2 29 2 0 0 0
12 2 29 2 0 0 0
13 2 29 2 0 0 0
14 2 29 2 0 0 0
15 2 29 2 0 0 0
16 2 29 2 0 0 0
17 2 29 2 0 0 0
18 2 29 2 0 0 0
19 2 29 2 0 0 0
20 2 29 2 0 0 0
21 2 29 2 0 0 0
22 2 29 2 0 0 0
23 2 29 2 0 0 0
24 2 29 2 0 0 0
25 2 29 2 0 0 0
26 2 29 2 0 0 0
27 2 29 2 0 0 0
28 2 29 2 0 0 0
29 2 29 2 0 0 0
4 3 0 2 0 0 0
11 3 0 2 0 0 0
12 3 0 2 0 0 0
13 3 0 2 0 0 0
14 3 0 2 0 0 0
15 3 0 2 0 0 0
16 3 0 2 0 0 0
17 3 0 2 0 0 0
18 3 0 2 0 0 0
19 3 0 2 0 0 0
20 3 0 2 0 0 0
21 3 0 2 0 0 0
22 3 0 2 0 0 0
23 3 0 2 0 0 0
24 3 0 2 0 0 0
25 3 0 2 0 0 0
26 3 0 2 0 0 0
27 3 0 2 0 0 0
28 3 0 2 0 0 0
29 3 0 2 0 0 0
4 3 1 2 0 0 0
11 3 1 2 0 0 0
12 3 1 2 0 0 0
16 3 1 2 0 0 0
25 3 1 2 0 0 0
29 3 1 2 0 0 0
4 3 2 2 0 0 0
11 3 2 2 0 0 0
12 3 2 2 0 0 0
16 3 2 2 0 0 0
25 3 2 2 0 0 0
29 3 2 2 0 0 0
4 3 3 2 0 0 0
11 3 3 2 0 0 0
12 3 3 2 0 0 0
16 3 3 2 0 0 0
25 3 3 2 0 0 0
29 3 3 2 0 0 0
4 3 4 2 0 0 0
11 3 4 2 0 0 0
12 3 4 2 0 0 0
16 3 4 2 0 0 0
25 3 4 2 0 0 0
29 3 4 2 0 0 0
4 3 5 2 0 0 0
11 3 5 2 0 0 0
12 3 5 2 0 0 0
16 3 5 2 0 0 0
25 3 5 2 0 0 0
29 3 5 2 0 0 0
4 3 6 2 0 0 0
11 3 6 2 0 0 0
12 3 6 2 0 0 0
16 3 6 2 0 0 0
25 3 6 2 0 0 0
29 3 6 2 0 0 0
0 3 7 2 0 0 0
1 3 7 2 0 0 0
2 3 7 2 0 0 0
3 3 7 2 0 0 0
4 3 7 2 0 0 0
11 3 7 2 0 0 0
12 3 7 2 0 0 0
13 3 7 2 0 0 0
14 3 7 2 0 0 0
15 3 7 2 0 0 0
16 3 7 2 0 0 0
17 3 7 2 0 0 0
18 3 7 2 0 0 0
19 3 7 2 0 0 0
20 3 7 2 0 0 0
21 3 7 2 0 0 0
22 3 7 2 0 0 0
23 3 7 2 0 0 0
24 3 7 2 0 0 0
29 3 7 2 0 0 0
0 3 8 2 0 0 0
1 3 8 2 0 0 0
2 3 8 2 0 0 0
3 3 8 2 0 0 0
4 3 8 2 0 0 0
11 3 8 2 0 0 0
17 3 8 2 0 0 0
25 3 8 2 0 0 0
29 3 8 2 0 0 0
0 3 9 2 0 0 0
1 3 9 2 0 0 0
2 3 9 2 0 0 0
3 3 9 2 0 0 0
4 3 9 2 0 0 0
11 3 9 2 0 0 0
17 3 9 2 0 0 0
18 3 9 2 0 0 0
19 3 9 2 0 0 0
20 3 9 2 0 0 0
21 3 9 2 0 0 0
22 3 9 2 0 0 0
23 3 9 2 0 0 0
24 3 9 2 0 0 0
25 3 9 2 0 0 0
26 3 9 2 0 0 0
27 3 9 2 0 0 0
28 3 9 2 0 0 0
29 3 9 2 0 0 0
0 3 10 2 0 0 0
1 3 10 2 0 0 0
2 3 10 2 0 0 0
3 3 10 2 0 0 0
4 3 10 2 0 0 0
11 3 10 2 0 0 0
17 3 10 2 0 0 0
24 3 10 2 0 0 0
0 3 11 2 0 0 0
1 3 11 2 0 0 0
2 3 11 2 0 0 0
3 3 11 2 0 0 0
4 3 11 2 0 0 0
11 3 11 2 0 0 0
17 3 11 2 0 0 0
24 3 11 2 0 0 0
4 3 12 2 0 0 0
11 3 12 2 0 0 0
17 3 12 2 0 0 0
24 3 12 2 0 0 0
4 3 13 2 0 0 0
11 3 13 2 0 0 0
17 3 13 2 0 0 0
24 3 13 2 0 0 0
0 3 14 13 0 0 985610
1 3 14 13 0 0 985610
2 3 14 13 0 0 985610
3 3 14 13 0 0 985610
4 3 14 2 0 0 0
11 3 14 2 0 0 0
17 3 14 2 0 0 0
24 3 14 2 0 0 0
0 3 15 13 0 0 985610
1 3 15 13 0 0 985610
2 3 15 13 0 0 985610
3 3 15 13 0 0 985610
4 3 15 2 0 0 0
11 3 15 2 0 0 0
17 3 15 2 0 0 0
24 3 15 2 0 0 0
0 3 16 13 0 0 985610
1 3 16 13 0 0 985610
2 3 16 13 0 0 985610
3 3 16 13 0 0 985610
4 3 16 2 0 0 0
11 3 16 2 0 0 0
17 3 16 2 0 0 0
24 3 16 2 0 0 0
4 3 17 2 0 0 0
11 3 17 2 0 0 0
17 3 17 2 0 0 0
24 3 17 2 0 0 0
4 3 18 2 0 0 0
11 3 18 2 0 0 0
17 3 18 2 0 0 0
24 3 18 2 0 0 0
25 3 18 2 0 0 0
26 3 18 2 0 0 0
27 3 18 2 0 0 0
28 3 18 2 0 0 0
29 3 18 2 0 0 0
4 3 19 2 0 0 0
11 3 19 2 0 0 0
17 3 19 2 0 0 0
24 3 19 2 0 0 0
25 3 19 2 0 0 0
26 3 19 2 0 0 0
27 3 19 2 0 0 0
28 3 19 2 0 0 0
29 3 19 2 0 0 0
4 3 20 2 0 0 0
11 3 20 2 0 0 0
17 3 20 2 0 0 0
24 3 20 2 0 0 0
25 3 20 2 0 0 0
29 3 20 2 0 0 0
4 3 21 2 0 0 0
11 3 21 2 0 0 0
17 3 21 2 0 0 0
24 3 21 2 0 0 0
25 3 21 2 0 0 0
29 3 21 2 0 0 0
4 3 22 2 0 0 0
11 3 22 2 0 0 0
17 3 22 2 0 0 0
24 3 22 2 0 0 0
25 3 22 2 0 0 0
29 3 22 2 0 0 0
4 3 23 2 0 0 0
5 3 23 2 0 0 0
6 3 23 2 0 0 0
7 3 23 2 0 0 0
8 3 23 2 0 0 0
9 3 23 2 0 0 0
10 3 23 2 0 0 0
11 3 23 2 0 0 0
12 3 23 2 0 0 0
13 3 23 2 0 0 0
14 3 23 2 0 0 0
15 3 23 2 0 0 0
16 3 23 2 0 0 0
17 3 23 2 0 0 0
24 3 23 2 0 0 0
25 3 23 2 0 0 0
29 3 23 2 0 0 0
0 3 24 2 0 0 0
1 3 24 2 0 0 0
2 3 24 2 0 0 0
3 3 24 2 0 0 0
4 3 24 2 0 0 0
11 3 24 2 0 0 0
17 3 24 2 0 0 0
18 3 24 2 0 0 0
19 3 24 2 0 0 0
20 3 24 2 0 0 0
21 3 24 2 0 0 0
22 3 24 2 0 0 0
23 3 24 2 0 0 0
24 3 24 2 0 0 0
25 3 24 2 0 0 0
29 3 24 2 0 0 0
0 3 25 2 0 0 0
1 3 25 2 0 0 0
2 3 25 2 0 0 0
3 3 25 2 0 0 0
4 3 25 2 0 0 0
11 3 25 2 0 0 0
29 3 25 2 0 0 0
0 3 26 2 0 0 0
1 3 26 2 0 0 0
2 3 26 2 0 0 0
3 3 26 2 0 0 0
4 3 26 2 0 0 0
11 3 26 2 0 0 0
29 3 26 2 0 0 0
0 3 27 2 0 0 0
1 3 27 2 0 0 0
2 3 27 2 0 0 0
3 3 27 2 0 0 0
4 3 27 2 0 0 0
11 3 27 2 0 0 0
29 3 27 2 0 0 0
0 3 28 2 0 0 0
1 3 28 2 0 0 0
2 3 28 2 0 0 0
3 3 28 2 0 0 0
4 3 28 2 0 0 0
11 3 28 2 0 0 0
29 3 28 2 0 0 0
0 3 29 2 0 0 0
1 3 29 2 0 0 0
2 3 29 2 0 0 0
3 3 29 2 0 0 0
4 3 29 2 0 0 0
11 3 29 2 0 0 0
12 3 29 2 0 0 0
13 3 29 2 0 0 0
14 3 29 2 0 0 0
15 3 29 2 0 0 0
16 3 29 2 0 0 0
17 3 29 2 0 0 0
18 3 29 2 0 0 0
19 3 29 2 0 0 0
20 3 29 2 0 0 0
21 3 29 2 0 0 0
22 3 29 2 0 0 0
23 3 29 2 0 0 0
24 3 29 2 0 0 0
25 3 29 2 0 0 0
26 3 29 2 0 0 0
27 3 29 2 0 0 0
28 3 29 2 0 0 0
29 3 29 2 0 0 0
4 4 0 2 0 0 0
11 4 0 2 0 0 0
12 4 0 2 0 0 0
13 4 0 2 0 0 0
14 4 0 2 0 0 0
15 4 0 2 0 0 0
16 4 0 2 0 0 0
17 4 0 2 0 0 0
18 4 0 2 0 0 0
19 4 0 2 0 0 0
20 4 0 2 0 0 0
21 4 0 2 0 0 0
22 4 0 2 0 0 0
23 4 0 2 0 0 0
24 4 0 2 0 0 0
25 4 0 2 0 0 0
26 4 0 2 0 0 0
27 4 0 2 0 0 0
28 4 0 2 0 0 0
29 4 0 2 0 0 0
4 4 1 2 0 0 0
11 4 1 2 0 0 0
12 4 1 2 0 0 0
16 4 1 2 0 0 0
25 4 1 2 0 0 0
29 4 1 2 0 0 0
4 4 2 2 0 0 0
11 4 2 2 0 0 0
12 4 2 2 0 0 0
16 4 2 2 0 0 0
25 4 2 2 0 0 0
29 4 2 2 0 0 0
4 4 3 2 0 0 0
11 4 3 2 0 0 0
12 4 3 2 0 0 0
16 4 3 2 0 0 0
25 4 3 2 0 0 0
29 4 3 2 0 0 0
4 4 4 2 0 0 0
11 4 4 2 0 0 0
12 4 4 2 0 0 0
16 4 4 2 0 0 0
25 4 4 2 0 0 0
29 4 4 2 0 0 0
4 4 5 2 0 0 0
11 4 5 2 0 0 0
12 4 5 2 0 0 0
16 4 5 2 0 0 0
25 4 5 2 0 0 0
29 4 5 2 0 0 0
4 4 6 2 0 0 0
11 4 6 2 0 0 0
12 4 6 2 0 0 0
16 4 6 2 0 0 0
25 4 6 2 0 0 0
29 4 6 2 0 0 0
4 4 7 2 0 0 0
11 4 7 2 0 0 0
12 4 7 2 0 0 0
13 4 7 2 0 0 0
14 4 7 2 0 0 0
15 4 7 2 0 0 0
16 4 7 2 0 0 0
17 4 7 2 0 0 0
18 4 7 2 0 0 0
19 4 7 2 0 0 0
20 4 7 2 0 0 0
21 4 7 2 0 0 0
22 4 7 2 0 0 0
23 4 7 2 0 0 0
24 4 7 2 0 0 0
29 4 7 2 0 0 0
4 4 8 2 0 0 0
11 4 8 2 0 0 0
17 4 8 2 0 0 0
25 4 8 2 0 0 0
29 4 8 2 0 0 0
4 4 9 2 0 0 0
11 4 9 2 0 0 0
17 4 9 2 0 0 0
18 4 9 2 0 0 0
19 4 9 2 0 0 0
20 4 9 2 0 0 0
21 4 9 2 0 0 0
22 4 9 2 0 0 0
23 4 9 2 0 0 0
24 4 9 2 0 0 0
25 4 9 2 0 0 0
26 4 9 2 0 0 0
27 4 9 2 0 0 0
28 4 9 2 0 0 0
29 4 9 2 0 0 0
4 4 10 2 0 0 0
11 4 10 2 0 0 0
17 4 10 2 0 0 0
24 4 10 2 0 0 0
4 4 11 2 0 0 0
11 4 11 2 0 0 0
17 4 11 2 0 0 0
24 4 11 2 0 0 0
4 4 12 2 0 0 0
11 4 12 2 0 0 0
17 4 12 2 0 0 0
24 4 12 2 0 0 0
4 4 13 2 0 0 0
11 4 13 2 0 0 0
17 4 13 2 0 0 0
24 4 13 2 0 0 0
4 4 14 2 0 0 0
11 4 14 2 0 0 0
17 4 14 2 0 0 0
24 4 14 2 0 0 0
4 4 15 2 0 0 0
11 4 15 2 0 0 0
17 4 15 2 0 0 0
24 4 15 2 0 0 0
4 4 16 2 0 0 0
11 4 16 2 0 0 0
17 4 16 2 0 0 0
24 4 16 2 0 0 0
4 4 17 2 0 0 0
11 4 17 2 0 0 0
17 4 17 2 0 0 0
24 4 17 2 0 0 0
4 4 18 2 0 0 0
11 4 18 2 0 0 0
17 4 18 2 0 0 0
24 4 18 2 0 0 0
25 4 18 2 0 0 0
26 4 18 2 0 0 0
27 4 18 2 0 0 0
28 4 18 2 0 0 0
29 4 18 2 0 0 0
4 4 19 2 0 0 0
11 4 19 2 0 0 0
17 4 19 2 0 0 0
24 4 19 2 0 0 0
25 4 19 2 0 0 0
26 4 19 2 0 0 0
27 4 19 2 0 0 0
28 4 19 2 0 0 0
29 4 19 2 0 0 0
4 4 20 2 0 0 0
11 4 20 2 0 0 0
17 4 20 2 0 0 0
24 4 20 2 0 0 0
25 4 20 2 0 0 0
29 4 20 2 0 0 0
4 4 21 2 0 0 0
11 4 21 2 0 0 0
17 4 21 2 0 0 0
24 4 21 2 0 0 0
25 4 21 2 0 0 0
29 4 21 2 0 0 0
4 4 22 2 0 0 0
11 4 22 2 0 0 0
17 4 22 2 0 0 0
24 4 22 2 0 0 0
25 4 22 2 0 0 0
29 4 22 2 0 0 0
4 4 23 2 0 0 0
5 4 23 2 0 0 0
6 4 23 2 0 0 0
7 4 23 2 0 0 0
8 4 23 2 0 0 0
9 4 23 2 0 0 0
10 4 23 2 0 0 0
11 4 23 2 0 0 0
12 4 23 2 0 0 0
13 4 23 2 0 0 0
14 4 23 2 0 0 0
15 4 23 2 0 0 0
16 4 23 2 0 0 0
17 4 23 2 0 0 0
24 4 23 2 0 0 0
25 4 23 2 0 0 0
29 4 23 2 0 0 0
11 4 24 2 0 0 0
17 4 24 2 0 0 0
18 4 24 2 0 0 0
19 4 24 2 0 0 0
20 4 24 2 0 0 0
21 4 24 2 0 0 0
22 4 24 2 0 0 0
23 4 24 2 0 0 0
24 4 24 2 0 0 0
25 4 24 2 0 0 0
29 4 24 2 0 0 0
11 4 25 2 0 0 0
29 4 25 2 0 0 0
11 4 26 2 0 0 0
29 4 26 2 0 0 0
11 4 27 2 0 0 0
29 4 27 2 0 0 0
11 4 28 2 0 0 0
29 4 28 2 0 0 0
11 4 29 2 0 0 0
12 4 29 2 0 0 0
13 4 29 2 0 0 0
14 4 29 2 0 0 0
15 4 29 2 0 0 0
16 4 29 2 0 0 0
17 4 29 2 0 0 0
18 4 29 2 0 0 0
19 4 29 2 0 0 0
20 4 29 2 0 0 0
21 4 29 2 0 0 0
22 4 29 2 0 0 0
23 4 29 2 0 0 0
24 4 29 2 0 0 0
25 4 29 2 0 0 0
26 4 29 2 0 0 0
27 4 29 2 0 0 0
28 4 29 2 0 0 0
29 4 29 2 0 0 0
4 5 0 2 0 0 0
11 5 0 2 0 0 0
12 5 0 2 0 0 0
13 5 0 2 0 0 0
14 5 0 2 0 0 0
15 5 0 2 0 0 0
16 5 0 2 0 0 0
17 5 0 2 0 0 0
18 5 0 2 0 0 0
19 5 0 2 0 0 0
20 5 0 2 0 0 0
21 5 0 2 0 0 0
22 5 0 2 0 0 0
23 5 0 2 0 0 0
24 5 0 2 0 0 0
25 5 0 2 0 0 0
26 5 0 2 0 0 0
27 5 0 2 0 0 0
28 5 0 2 0 0 0
29 5 0 2 0 0 0
4 5 1 2 0 0 0
11 5 1 2 0 0 0
12 5 1 2 0 0 0
16 5 1 2 0 0 0
25 5 1 2 0 0 0
29 5 1 2 0 0 0
4 5 2 2 0 0 0
11 5 2 2 0 0 0
12 5 2 2 0 0 0
16 5 2 2 0 0 0
25 5 2 2 0 0 0
29 5 2 2 0 0 0
4 5 3 2 0 0 0
11 5 3 2 0 0 0
12 5 3 2 0 0 0
16 5 3 2 0 0 0
25 5 3 2 0 0 0
29 5 3 2 0 0 0
4 5 4 2 0 0 0
11 5 4 2 0 0 0
12 5 4 2 0 0 0
16 5 4 2 0 0 0
25 5 4 2 0 0 0
29 5 4 2 0 0 0
4 5 5 2 0 0 0
11 5 5 2 0 0 0
12 5 5 2 0 0 0
16 5 5 2 0 0 0
25 5 5 2 0 0 0
29 5 5 2 0 0 0
4 5 6 2 0 0 0
11 5 6 2 0 0 0
12 5 6 2 0 0 0
16 5 6 2 0 0 0
25 5 6 2 0 0 0
29 5 6 2 0 0 0
4 5 7 2 0 0 0
11 5 7 2 0 0 0
12 5 7 2 0 0 0
13 5 7 2 0 0 0
14 5 7 2 0 0 0
15 5 7 2 0 0 0
16 5 7 2 0 0 0
17 5 7 2 0 0 0
18 5 7 2 0 0 0
19 5 7 2 0 0 0
20 5 7 2 0 0 0
21 5 7 2 0 0 0
22 5 7 2 0 0 0
23 5 7 2 0 0 0
24 5 7 2 0 0 0
29 5 7 2 0 0 0
4 5 8 2 0 0 0
11 5 8 2 0 0 0
17 5 8 2 0 0 0
25 5 8 2 0 0 0
29 5 8 2 0 0 0
4 5 9 2 0 0 0
11 5 9 2 0 0 0
17 5 9 2 0 0 0
18 5 9 2 0 0 0
19 5 9 2 0 0 0
20 5 9 2 0 0 0
21 5 9 2 0 0 0
22 5 9 2 0 0 0
23 5 9 2 0 0 0
24 5 9 2 0 0 0
25 5 9 2 0 0 0
26 5 9 2 0 0 0
27 5 9 2 0 0 0
28 5 9 2 0 0 0
29 5 9 2 0 0 0
4 5 10 2 0 0 0
11 5 10 2 0 0 0
17 5 10 2 0 0 0
24 5 10 2 0 0 0
4 5 11 2 0 0 0
11 5 11 2 0 0 0
17 5 11 2 0 0 0
24 5 11 2 0 0 0
4 5 12 2 0 0 0
11 5 12 2 0 0 0
17 5 12 2 0 0 0
24 5 12 2 0 0 0
4 5 13 2 0 0 0
11 5 13 2 0 0 0
17 5 13 2 0 0 0
24 5 13 2 0 0 0
4 5 14 2 0 0 0
11 5 14 2 0 0 0
17 5 14 2 0 0 0
24 5 14 2 0 0 0
4 5 15 2 0 0 0
11 5 15 2 0 0 0
17 5 15 2 0 0 0
24 5 15 2 0 0 0
4 5 16 2 0 0 0
11 5 16 2 0 0 0
17 5 16 2 0 0 0
24 5 16 2 0 0 0
4 5 17 2 0 0 0
11 5 17 2 0 0 0
17 5 17 2 0 0 0
24 5 17 2 0 0 0
4 5 18 2 0 0 0
11 5 18 2 0 0 0
17 5 18 2 0 0 0
24 5 18 2 0 0 0
25 5 18 2 0 0 0
26 5 18 2 0 0 0
27 5 18 2 0 0 0
28 5 18 2 0 0 0
29 5 18 2 0 0 0
4 5 19 2 0 0 0
11 5 19 2 0 0 0
17 5 19 2 0 0 0
24 5 19 2 0 0 0
25 5 19 2 0 0 0
26 5 19 2 0 0 0
27 5 19 2 0 0 0
28 5 19 2 0 0 0
29 5 19 2 0 0 0
4 5 20 2 0 0 0
11 5 20 2 0 0 0
17 5 20 2 0 0 0
24 5 20 2 0 0 0
25 5 20 2 0 0 0
29 5 20 2 0 0 0
4 5 21 2 0 0 0
11 5 21 2 0 0 0
17 5 21 2 0 0 0
24 5 21 2 0 0 0
25 5 21 2 0 0 0
29 5 21 2 0 0 0
4 5 22 2 0 0 0
11 5 22 2 0 0 0
17 5 22 2 0 0 0
24 5 22 2 0 0 0
25 5 22 2 0 0 0
29 5 22 2 0 0 0
4 5 23 2 0 0 0
5 5 23 2 0 0 0
6 5 23 2 0 0 0
7 5 23 2 0 0 0
8 5 23 2 0 0 0
9 5 23 2 0 0 0
10 5 23 2 0 0 0
11 5 23 2 0 0 0
12 5 23 2 0 0 0
13 5 23 2 0 0 0
14 5 23 2 0 0 0
15 5 23 2 0 0 0
16 5 23 2 0 0 0
17 5 23 2 0 0 0
24 5 23 2 0 0 0
25 5 23 2 0 0 0
29 5 23 2 0 0 0
11 5 24 2 0 0 0
17 5 24 2 0 0 0
18 5 24 2 0 0 0
19 5 24 2 0 0 0
20 5 24 2 0 0 0
21 5 24 2 0 0 0
22 5 24 2 0 0 0
23 5 24 2 0 0 0
24 5 24 2 0 0 0
25 5 24 2 0 0 0
29 5 24 2 0 0 0
11 5 25 2 0 0 0
29 5 25 2 0 0 0
11 5 26 2 0 0 0
29 5 26 2 0 0 0
11 5 27 2 0 0 0
29 5 27 2 0 0 0
11 5 28 2 0 0 0
29 5 28 2 0 0 0
11 5 29 2 0 0 0
12 5 29 2 0 0 0
13 5 29 2 0 0 0
14 5 29 2 0 0 0
15 5 29 2 0 0 0
16 5 29 2 0 0 0
17 5 29 2 0 0 0
18 5 29 2 0 0 0
19 5 29 2 0 0 0
20 5 29 2 0 0 0
21 5 29 2 0 0 0
22 5 29 2 0 0 0
23 5 29 2 0 0 0
24 5 29 2 0 0 0
25 5 29 2 0 0 0
26 5 29 2 0 0 0
27 5 29 2 0 0 0
28 5 29 2 0 0 0
29 5 29 2 0 0 0
4 6 0 2 0 0 0
11 6 0 2 0 0 0
12 6 0 2 0 0 0
13 6 0 2 0 0 0
14 6 0 2 0 0 0
15 6 0 2 0 0 0
16 6 0 2 0 0 0
17 6 0 2 0 0 0
18 6 0 2 0 0 0
19 6 0 2 0 0 0
20 6 0 2 0 0 0
21 6 0 2 0 0 0
22 6 0 2 0 0 0
23 6 0 2 0 0 0
24 6 0 2 0 0 0
25 6 0 2 0 0 0
26 6 0 2 0 0 0
27 6 0 2 0 0 0
28 6 0 2 0 0 0
29 6 0 2 0 0 0
4 6 1 2 0 0 0
11 6 1 2 0 0 0
12 6 1 2 0 0 0
16 6 1 2 0 0 0
25 6 1 2 0 0 0
29 6 1 2 0 0 0
4 6 2 2 0 0 0
11 6 2 2 0 0 0
12 6 2 2 0 0 0
16 6 2 2 0 0 0
25 6 2 2 0 0 0
29 6 2 2 0 0 0
4 6 3 2 0 0 0
11 6 3 2 0 0 0
12 6 3 2 0 0 0
16 6 3 2 0 0 0
25 6 3 2 0 0 0
29 6 3 2 0 0 0
4 6 4 2 0 0 0
11 6 4 2 0 0 0
12 6 4 2 0 0 0
16 6 4 2 0 0 0
25 6 4 2 0 0 0
29 6 4 2 0 0 0
4 6 5 2 0 0 0
11 6 5 2 0 0 0
12 6 5 2 0 0 0
16 6 5 2 0 0 0
25 6 5 2 0 0 0
29 6 5 2 0 0 0
4 6 6 2 0 0 0
11 6 6 2 0 0 0
12 6 6 2 0 0 0
16 6 6 2 0 0 0
25 6 6 2 0 0 0
29 6 6 2 0 0 0
4 6 7 2 0 0 0
11 6 7 2 0 0 0
12 6 7 2 0 0 0
13 6 7 2 0 0 0
14 6 7 2 0 0 0
15 6 7 2 0 0 0
16 6 7 2 0 0 0
17 6 7 2 0 0 0
18 6 7 2 0 0 0
19 6 7 2 0 0 0
20 6 7 2 0 0 0
21 6 7 2 0 0 0
22 6 7 2 0 0 0
23 6 7 2 0 0 0
24 6 7 2 0 0 0
29 6 7 2 0 0 0
4 6 8 2 0 0 0
11 6 8 2 0 0 0
17 6 8 2 0 0 0
25 6 8 2 0 0 0
29 6 8 2 0 0 0
4 6 9 2 0 0 0
11 6 9 2 0 0 0
17 6 9 2 0 0 0
18 6 9 2 0 0 0
19 6 9 2 0 0 0
20 6 9 2 0 0 0
21 6 9 2 0 0 0
22 6 9 2 0 0 0
23 6 9 2 0 0 0
24 6 9 2 0 0 0
25 6 9 2 0 0 0
26 6 9 2 0 0 0
27 6 9 2 0 0 0
28 6 9 2 0 0 0
29 6 9 2 0 0 0
4 6 10 2 0 0 0
11 6 10 2 0 0 0
17 6 10 2 0 0 0
24 6 10 2 0 0 0
4 6 11 2 0 0 0
11 6 11 2 0 0 0
17 6 11 2 0 0 0
24 6 11 2 0 0 0
4 6 12 2 0 0 0
11 6 12 2 0 0 0
17 6 12 2 0 0 0
24 6 12 2 0 0 0
4 6 13 2 0 0 0
11 6 13 2 0 0 0
17 6 13 2 0 0 0
24 6 13 2 0 0 0
4 6 14 2 0 0 0
11 6 14 2 0 0 0
17 6 14 2 0 0 0
24 6 14 2 0 0 0
4 6 15 2 0 0 0
11 6 15 2 0 0 0
17 6 15 2 0 0 0
24 6 15 2 0 0 0
4 6 16 2 0 0 0
11 6 16 2 0 0 0
17 6 16 2 0 0 0
24 6 16 2 0 0 0
4 6 17 2 0 0 0
11 6 17 2 0 0 0
17 6 17 2 0 0 0
24 6 17 2 0 0 0
4 6 18 2 0 0 0
11 6 18 2 0 0 0
17 6 18 2 0 0 0
23 6 18 22 0 0 32
24 6 18 2 0 0 0
25 6 18 2 0 0 0
26 6 18 2 0 0 0
27 6 18 2 0 0 0
28 6 18 2 0 0 0
29 6 18 2 0 0 0
4 6 19 2 0 0 0
11 6 19 2 0 0 0
17 6 19 2 0 0 0
24 6 19 2 0 0 0
25 6 19 2 0 0 0
26 6 19 2 0 0 0
27 6 19 2 0 0 0
28 6 19 2 0 0 0
29 6 19 2 0 0 0
4 6 20 2 0 0 0
11 6 20 2 0 0 0
17 6 20 2 0 0 0
18 6 20 22 0 0 24
24 6 20 2 0 0 0
25 6 20 2 0 0 0
29 6 20 2 0 0 0
4 6 21 2 0 0 0
11 6 21 2 0 0 0
17 6 21 2 0 0 0
22 6 21 22 0 0 31
24 6 21 2 0 0 0
25 6 21 2 0 0 0
29 6 21 2 0 0 0
4 6 22 2 0 0 0
11 6 22 2 0 0 0
17 6 22 2 0 0 0
24 6 22 2 0 0 0
25 6 22 2 0 0 0
29 6 22 2 0 0 0
4 6 23 2 0 0 0
5 6 23 2 0 0 0
6 6 23 2 0 0 0
7 6 23 2 0 0 0
8 6 23 2 0 0 0
9 6 23 2 0 0 0
10 6 23 2 0 0 0
11 6 23 2 0 0 0
12 6 23 2 0 0 0
13 6 23 2 0 0 0
14 6 23 2 0 0 0
15 6 23 2 0 0 0
16 6 23 2 0 0 0
17 6 23 2 0 0 0
19 6 23 22 0 0 25
21 6 23 22 0 0 30
24 6 23 2 0 0 0
25 6 23 2 0 0 0
29 6 23 2 0 0 0
11 6 24 2 0 0 0
17 6 24 2 0 0 0
18 6 24 2 0 0 0
19 6 24 2 0 0 0
20 6 24 2 0 0 0
21 6 24 2 0 0 0
22 6 24 2 0 0 0
23 6 24 2 0 0 0
24 6 24 2 0 0 0
25 6 24 2 0 0 0
29 6 24 2 0 0 0
11 6 25 2 0 0 0
17 6 25 2 0 0 0
18 6 25 2 0 0 0
19 6 25 2 0 0 0
20 6 25 2 0 0 0
21 6 25 2 0 0 0
22 6 25 2 0 0 0
23 6 25 2 0 0 0
24 6 25 2 0 0 0
25 6 25 2 0 0 0
26 6 25 2 0 0 0
27 6 25 2 0 0 0
28 6 25 2 0 0 0
29 6 25 2 0 0 0
11 6 26 2 0 0 0
17 6 26 2 0 0 0
18 6 26 2 0 0 0
19 6 26 2 0 0 0
20 6 26 2 0 0 0
21 6 26 2 0 0 0
22 6 26 2 0 0 0
23 6 26 2 0 0 0
24 6 26 2 0 0 0
25 6 26 2 0 0 0
26 6 26 2 0 0 0
27 6 26 2 0 0 0
28 6 26 2 0 0 0
29 6 26 2 0 0 0
11 6 27 2 0 0 0
17 6 27 2 0 0 0
18 6 27 2 0 0 0
19 6 27 2 0 0 0
20 6 27 2 0 0 0
21 6 27 2 0 0 0
22 6 27 2 0 0 0
23 6 27 2 0 0 0
24 6 27 2 0 0 0
25 6 27 2 0 0 0
26 6 27 2 0 0 0
27 6 27 2 0 0 0
28 6 27 2 0 0 0
29 6 27 2 0 0 0
11 6 28 2 0 0 0
17 6 28 2 0 0 0
18 6 28 2 0 0 0
19 6 28 2 0 0 0
20 6 28 2 0 0 0
21 6 28 2 0 0 0
22 6 28 2 0 0 0
23 6 28 2 0 0 0
24 6 28 2 0 0 0
25 6 28 2 0 0 0
26 6 28 2 0 0 0
27 6 28 2 0 0 0
28 6 28 2 0 0 0
29 6 28 2 0 0 0
11 6 29 2 0 0 0
12 6 29 2 0 0 0
13 6 29 2 0 0 0
14 6 29 2 0 0 0
15 6 29 2 0 0 0
16 6 29 2 0 0 0
17 6 29 2 0 0 0
18 6 29 2 0 0 0
19 6 29 2 0 0 0
20 6 29 2 0 0 0
21 6 29 2 0 0 0
22 6 29 2 0 0 0
23 6 29 2 0 0 0
24 6 29 2 0 0 0
25 6 29 2 0 0 0
26 6 29 2 0 0 0
27 6 29 2 0 0 0
28 6 29 2 0 0 0
29 6 29 2 0 0 0
4 7 0 2 0 0 0
11 7 0 2 0 0 0
12 7 0 2 0 0 0
13 7 0 2 0 0 0
14 7 0 2 0 0 0
15 7 0 2 0 0 0
16 7 0 2 0 0 0
17 7 0 2 0 0 0
18 7 0 2 0 0 0
19 7 0 2 0 0 0
20 7 0 2 0 0 0
21 7 0 2 0 0 0
22 7 0 2 0 0 0
23 7 0 2 0 0 0
24 7 0 2 0 0 0
25 7 0 2 0 0 0
26 7 0 2 0 0 0
27 7 0 2 0 0 0
28 7 0 2 0 0 0
29 7 0 2 0 0 0
4 7 1 2 0 0 0
11 7 1 2 0 0 0
12 7 1 2 0 0 0
13 7 1 2 0 0 0
14 7 1 2 0 0 0
15 7 1 2 0 0 0
16 7 1 2 0 0 0
25 7 1 2 0 0 0
26 7 1 2 0 0 0
27 7 1 2 0 0 0
28 7 1 2 0 0 0
29 7 1 2 0 0 0
4 7 2 2 0 0 0
11 7 2 2 0 0 0
12 7 2 2 0 0 0
13 7 2 2 0 0 0
14 7 2 2 0 0 0
15 7 2 2 0 0 0
16 7 2 2 0 0 0
25 7 2 2 0 0 0
26 7 2 2 0 0 0
27 7 2 2 0 0 0
28 7 2 2 0 0 0
29 7 2 2 0 0 0
4 7 3 2 0 0 0
11 7 3 2 0 0 0
12 7 3 2 0 0 0
13 7 3 2 0 0 0
14 7 3 2 0 0 0
15 7 3 2 0 0 0
16 7 3 2 0 0 0
17 7 3 22 0 0 10
22 7 3 22 0 0 13
24 7 3 22 0 0 14
25 7 3 2 0 0 0
26 7 3 2 0 0 0
27 7 3 2 0 0 0
28 7 3 2 0 0 0
29 7 3 2 0 0 0
4 7 4 2 0 0 0
11 7 4 2 0 0 0
12 7 4 2 0 0 0
13 7 4 2 0 0 0
14 7 4 2 0 0 0
15 7 4 2 0 0 0
16 7 4 2 0 0 0
19 7 4 22 0 0 11
25 7 4 2 0 0 0
26 7 4 2 0 0 0
27 7 4 2 0 0 0
28 7 4 2 0 0 0
29 7 4 2 0 0 0
4 7 5 2 0 0 0
11 7 5 2 0 0 0
12 7 5 2 0 0 0
13 7 5 2 0 0 0
14 7 5 2 0 0 0
15 7 5 2 0 0 0
16 7 5 2 0 0 0
21 7 5 22 0 0 12
25 7 5 2 0 0 0
26 7 5 2 0 0 0
27 7 5 2 0 0 0
28 7 5 2 0 0 0
29 7 5 2 0 0 0
4 7 6 2 0 0 0
11 7 6 2 0 0 0
12 7 6 2 0 0 0
13 7 6 2 0 0 0
14 7 6 2 0 0 0
15 7 6 2 0 0 0
16 7 6 2 0 0 0
25 7 6 2 0 0 0
26 7 6 2 0 0 0
27 7 6 2 0 0 0
28 7 6 2 0 0 0
29 7 6 2 0 0 0
4 7 7 2 0 0 0
11 7 7 2 0 0 0
12 7 7 2 0 0 0
13 7 7 2 0 0 0
14 7 7 2 0 0 0
15 7 7 2 0 0 0
16 7 7 2 0 0 0
17 7 7 2 0 0 0
18 7 7 2 0 0 0
19 7 7 2 0 0 0
20 7 7 2 0 0 0
21 7 7 2 0 0 0
22 7 7 2 0 0 0
23 7 7 2 0 0 0
24 7 7 2 0 0 0
25 7 7 2 0 0 0
26 7 7 2 0 0 0
27 7 7 2 0 0 0
28 7 7 2 0 0 0
29 7 7 2 0 0 0
4 7 8 2 0 0 0
11 7 8 2 0 0 0
17 7 8 2 0 0 0
18 7 8 2 0 0 0
19 7 8 2 0 0 0
20 7 8 2 0 0 0
21 7 8 2 0 0 0
22 7 8 2 0 0 0
23 7 8 2 0 0 0
24 7 8 2 0 0 0
25 7 8 2 0 0 0
26 7 8 2 0 0 0
27 7 8 2 0 0 0
28 7 8 2 0 0 0
29 7 8 2 0 0 0
4 7 9 2 0 0 0
11 7 9 2 0 0 0
17 7 9 2 0 0 0
18 7 9 2 0 0 0
19 7 9 2 0 0 0
20 7 9 2 0 0 0
21 7 9 2 0 0 0
22 7 9 2 0 0 0
23 7 9 2 0 0 0
24 7 9 2 0 0 0
25 7 9 2 0 0 0
26 7 9 2 0 0 0
27 7 9 2 0 0 0
28 7 9 2 0 0 0
29 7 9 2 0 0 0
4 7 10 2 0 0 0
11 7 10 2 0 0 0
17 7 10 2 0 0 0
20 7 10 22 0 0 20
22 7 10 22 0 0 35
24 7 10 2 0 0 0
4 7 11 2 0 0 0
11 7 11 2 0 0 0
17 7 11 2 0 0 0
24 7 11 2 0 0 0
4 7 12 2 0 0 0
11 7 12 2 0 0 0
17 7 12 2 0 0 0
19 7 12 22 0 0 21
24 7 12 2 0 0 0
25 7 12 12 0 0 0
26 7 12 12 0 0 0
27 7 12 12 0 0 0
28 7 12 12 0 0 0
29 7 12 12 0 0 0
4 7 13 2 0 0 0
11 7 13 2 0 0 0
17 7 13 2 0 0 0
23 7 13 22 0 0 34
24 7 13 2 0 0 0
4 7 14 2 0 0 0
11 7 14 2 0 0 0
17 7 14 2 0 0 0
24 7 14 2 0 0 0
4 7 15 2 0 0 0
11 7 15 2 0 0 0
12 7 15 13 0 0 330250
13 7 15 13 0 0 330250
14 7 15 13 0 0 330250
15 7 15 13 0 0 330250
16 7 15 13 0 0 330250
17 7 15 2 0 0 0
18 7 15 22 0 0 22
24 7 15 2 0 0 0
25 7 15 12 0 0 0
26 7 15 12 0 0 0
27 7 15 12 0 0 0
28 7 15 12 0 0 0
29 7 15 12 0 0 0
4 7 16 2 0 0 0
11 7 16 2 0 0 0
12 7 16 13 0 0 330250
13 7 16 13 0 0 330250
14 7 16 13 0 0 330250
15 7 16 13 0 0 330250
16 7 16 13 0 0 330250
17 7 16 2 0 0 0
22 7 16 22 0 0 33
24 7 16 2 0 0 0
4 7 17 2 0 0 0
11 7 17 2 0 0 0
17 7 17 2 0 0 0
24 7 17 2 0 0 0
4 7 18 2 0 0 0
11 7 18 2 0 0 0
17 7 18 2 0 0 0
24 7 18 2 0 0 0
25 7 18 2 0 0 0
26 7 18 2 0 0 0
27 7 18 2 0 0 0
28 7 18 2 0 0 0
29 7 18 2 0 0 0
4 7 19 2 0 0 0
11 7 19 2 0 0 0
12 7 19 11 0 0 0
13 7 19 11 0 0 0
14 7 19 11 0 0 0
15 7 19 11 0 0 0
16 7 19 11 0 0 0
17 7 19 2 0 0 0
24 7 19 2 0 0 0
25 7 19 2 0 0 0
26 7 19 2 0 0 0
27 7 19 2 0 0 0
28 7 19 2 0 0 0
29 7 19 2 0 0 0
4 7 20 2 0 0 0
11 7 20 2 0 0 0
12 7 20 11 0 0 0
13 7 20 11 0 0 0
14 7 20 11 0 0 0
15 7 20 11 0 0 0
16 7 20 11 0 0 0
17 7 20 2 0 0 0
24 7 20 2 0 0 0
25 7 20 2 0 0 0
26 7 20 2 0 0 0
27 7 20 2 0 0 0
28 7 20 2 0 0 0
29 7 20 2 0 0 0
4 7 21 2 0 0 0
11 7 21 2 0 0 0
17 7 21 2 0 0 0
24 7 21 2 0 0 0
25 7 21 2 0 0 0
26 7 21 2 0 0 0
27 7 21 2 0 0 0
28 7 21 2 0 0 0
29 7 21 2 0 0 0
4 7 22 2 0 0 0
11 7 22 2 0 0 0
17 7 22 2 0 0 0
24 7 22 2 0 0 0
25 7 22 2 0 0 0
26 7 22 2 0 0 0
27 7 22 2 0 0 0
28 7 22 2 0 0 0
29 7 22 2 0 0 0
4 7 23 2 0 0 0
5 7 23 2 0 0 0
6 7 23 2 0 0 0
7 7 23 2 0 0 0
8 7 23 2 0 0 0
9 7 23 2 0 0 0
10 7 23 2 0 0 0
11 7 23 2 0 0 0
12 7 23 2 0 0 0
13 7 23 2 0 0 0
14 7 23 2 0 0 0
15 7 23 2 0 0 0
16 7 23 2 0 0 0
17 7 23 2 0 0 0
24 7 23 2 0 0 0
25 7 23 2 0 0 0
26 7 23 2 0 0 0
27 7 23 2 0 0 0
28 7 23 2 0 0 0
29 7 23 2 0 0 0
8 7 24 13 0 0 657162
9 7 24 13 0 0 657162
10 7 24 13 0 0 657162
11 7 24 2 0 0 0
12 7 24 2 0 0 0
13 7 24 2 0 0 0
14 7 24 2 0 0 0
15 7 24 2 0 0 0
16 7 24 2 0 0 0
17 7 24 2 0 0 0
24 7 24 2 0 0 0
25 7 24 2 0 0 0
26 7 24 2 0 0 0
27 7 24 2 0 0 0
28 7 24 2 0 0 0
29 7 24 2 0 0 0
8 7 25 13 0 0 657162
9 7 25 13 0 0 657162
10 7 25 13 0 0 657162
11 7 25 2 0 0 0
12 7 25 2 0 0 0
13 7 25 2 0 0 0
14 7 25 2 0 0 0
15 7 25 2 0 0 0
16 7 25 2 0 0 0
17 7 25 2 0 0 0
24 7 25 2 0 0 0
25 7 25 2 0 0 0
26 7 25 2 0 0 0
27 7 25 2 0 0 0
28 7 25 2 0 0 0
29 7 25 2 0 0 0
8 7 26 13 0 0 657162
9 7 26 13 0 0 657162
10 7 26 13 0 0 657162
11 7 26 2 0 0 0
12 7 26 2 0 0 0
13 7 26 2 0 0 0
14 7 26 2 0 0 0
15 7 26 2 0 0 0
16 7 26 2 0 0 0
17 7 26 2 0 0 0
20 7 26 9 0 0 1
24 7 26 2 0 0 0
25 7 26 2 0 0 0
26 7 26 2 0 0 0
27 7 26 2 0 0 0
28 7 26 2 0 0 0
29 7 26 2 0 0 0
11 7 27 2 0 0 0
12 7 27 2 0 0 0
13 7 27 2 0 0 0
14 7 27 2 0 0 0
15 7 27 2 0 0 0
16 7 27 2 0 0 0
17 7 27 2 0 0 0
24 7 27 2 0 0 0
25 7 27 2 0 0 0
26 7 27 2 0 0 0
27 7 27 2 0 0 0
28 7 27 2 0 0 0
29 7 27 2 0 0 0
11 7 28 2 0 0 0
12 7 28 2 0 0 0
13 7 28 2 0 0 0
14 7 28 2 0 0 0
15 7 28 2 0 0 0
16 7 28 2 0 0 0
17 7 28 2 0 0 0
24 7 28 2 0 0 0
25 7 28 2 0 0 0
26 7 28 2 0 0 0
27 7 28 2 0 0 0
28 7 28 2 0 0 0
29 7 28 2 0 0 0
11 7 29 2 0 0 0
12 7 29 2 0 0 0
13 7 29 2 0 0 0
14 7 29 2 0 0 0
15 7 29 2 0 0 0
16 7 29 2 0 0 0
17 7 29 2 0 0 0
24 7 29 2 0 0 0
25 7 29 2 0 0 0
26 7 29 2 0 0 0
27 7 29 2 0 0 0
28 7 29 2 0 0 0
29 7 29 2 0 0 0
11 8 0 2 0 0 0
12 8 0 2 0 0 0
13 8 0 2 0 0 0
14 8 0 2 0 0 0
15 8 0 2 0 0 0
16 8 0 2 0 0 0
17 8 0 2 0 0 0
18 8 0 2 0 0 0
19 8 0 2 0 0 0
20 8 0 2 0 0 0
21 8 0 2 0 0 0
22 8 0 2 0 0 0
23 8 0 2 0 0 0
24 8 0 2 0 0 0
25 8 0 2 0 0 0
26 8 0 2 0 0 0
27 8 0 2 0 0 0
28 8 0 2 0 0 0
29 8 0 2 0 0 0
11 8 1 2 0 0 0
29 8 1 2 0 0 0
11 8 2 2 0 0 0
29 8 2 2 0 0 0
11 8 3 2 0 0 0
29 8 3 2 0 0 0
11 8 4 2 0 0 0
14 8 4 21 0 0 0
29 8 4 2 0 0 0
11 8 5 2 0 0 0
29 8 5 2 0 0 0
11 8 6 2 0 0 0
29 8 6 2 0 0 0
11 8 7 2 0 0 0
17 8 7 2 0 0 0
18 8 7 2 0 0 0
23 8 7 2 0 0 0
24 8 7 2 0 0 0
29 8 7 2 0 0 0
11 8 8 2 0 0 0
17 8 8 2 0 0 0
18 8 8 2 0 0 0
23 8 8 2 0 0 0
24 8 8 2 0 0 0
29 8 8 2 0 0 0
11 8 9 2 0 0 0
17 8 9 2 0 0 0
18 8 9 2 0 0 0
23 8 9 2 0 0 0
24 8 9 2 0 0 0
29 8 9 2 0 0 0
11 8 10 2 0 0 0
17 8 10 2 0 0 0
24 8 10 2 0 0 0
11 8 11 2 0 0 0
17 8 11 2 0 0 0
24 8 11 2 0 0 0
11 8 12 2 0 0 0
17 8 12 2 0 0 0
24 8 12 2 0 0 0
11 8 13 2 0 0 0
17 8 13 2 0 0 0
24 8 13 2 0 0 0
11 8 14 2 0 0 0
17 8 14 2 0 0 0
24 8 14 2 0 0 0
11 8 15 2 0 0 0
17 8 15 2 0 0 0
24 8 15 2 0 0 0
11 8 16 2 0 0 0
17 8 16 2 0 0 0
24 8 16 2 0 0 0
11 8 17 2 0 0 0
17 8 17 2 0 0 0
19 8 17 22 0 0 23
24 8 17 2 0 0 0
11 8 18 2 0 0 0
17 8 18 2 0 0 0
24 8 18 2 0 0 0
11 8 19 2 0 0 0
17 8 19 2 0 0 0
24 8 19 2 0 0 0
11 8 20 2 0 0 0
17 8 20 2 0 0 0
24 8 20 2 0 0 0
25 8 20 20 0 0 1
26 8 20 20 0 0 1
27 8 20 20 0 0 1
28 8 20 20 0 0 1
29 8 20 20 0 0 1
11 8 21 2 0 0 0
17 8 21 2 0 0 0
24 8 21 2 0 0 0
11 8 22 2 0 0 0
17 8 22 2 0 0 0
24 8 22 2 0 0 0
4 8 23 2 0 0 0
5 8 23 2 0 0 0
6 8 23 2 0 0 0
7 8 23 2 0 0 0
8 8 23 2 0 0 0
9 8 23 2 0 0 0
10 8 23 2 0 0 0
11 8 23 2 0 0 0
17 8 23 2 0 0 0
24 8 23 2 0 0 0
17 8 24 2 0 0 0
24 8 24 2 0 0 0
17 8 25 2 0 0 0
24 8 25 2 0 0 0
25 8 25 2 0 0 0
26 8 25 2 0 0 0
27 8 25 2 0 0 0
28 8 25 2 0 0 0
29 8 25 2 0 0 0
17 8 26 2 0 0 0
24 8 26 2 0 0 0
25 8 26 2 0 0 0
26 8 26 2 0 0 0
27 8 26 2 0 0 0
28 8 26 2 0 0 0
29 8 26 2 0 0 0
17 8 27 2 0 0 0
24 8 27 2 0 0 0
25 8 27 2 0 0 0
26 8 27 2 0 0 0
27 8 27 2 0 0 0
28 8 27 2 0 0 0
29 8 27 2 0 0 0
17 8 28 2 0 0 0
24 8 28 2 0 0 0
25 8 28 2 0 0 0
26 8 28 2 0 0 0
27 8 28 2 0 0 0
28 8 28 2 0 0 0
29 8 28 2 0 0 0
17 8 29 2 0 0 0
24 8 29 2 0 0 0
25 8 29 2 0 0 0
26 8 29 2 0 0 0
27 8 29 2 0 0 0
28 8 29 2 0 0 0
29 8 29 2 0 0 0
11 9 0 2 0 0 0
12 9 0 2 0 0 0
13 9 0 2 0 0 0
14 9 0 2 0 0 0
15 9 0 2 0 0 0
16 9 0 2 0 0 0
17 9 0 2 0 0 0
18 9 0 2 0 0 0
19 9 0 2 0 0 0
20 9 0 2 0 0 0
21 9 0 2 0 0 0
22 9 0 2 0 0 0
23 9 0 2 0 0 0
24 9 0 2 0 0 0
25 9 0 2 0 0 0
26 9 0 2 0 0 0
27 9 0 2 0 0 0
28 9 0 2 0 0 0
29 9 0 2 0 0 0
11 9 1 2 0 0 0
29 9 1 2 0 0 0
11 9 2 2 0 0 0
29 9 2 2 0 0 0
11 9 3 2 0 0 0
29 9 3 2 0 0 0
11 9 4 2 0 0 0
29 9 4 2 0 0 0
11 9 5 2 0 0 0
29 9 5 2 0 0 0
11 9 6 2 0 0 0
29 9 6 2 0 0 0
11 9 7 2 0 0 0
17 9 7 2 0 0 0
18 9 7 2 0 0 0
23 9 7 2 0 0 0
24 9 7 2 0 0 0
29 9 7 2 0 0 0
11 9 8 2 0 0 0
17 9 8 2 0 0 0
18 9 8 2 0 0 0
23 9 8 2 0 0 0
24 9 8 2 0 0 0
29 9 8 2 0 0 0
11 9 9 2 0 0 0
17 9 9 2 0 0 0
18 9 9 2 0 0 0
23 9 9 2 0 0 0
24 9 9 2 0 0 0
29 9 9 2 0 0 0
11 9 10 2 0 0 0
17 9 10 2 0 0 0
24 9 10 2 0 0 0
11 9 11 2 0 0 0
17 9 11 2 0 0 0
24 9 11 2 0 0 0
11 9 12 2 0 0 0
17 9 12 2 0 0 0
24 9 12 2 0 0 0
11 9 13 2 0 0 0
17 9 13 2 0 0 0
24 9 13 2 0 0 0
11 9 14 2 0 0 0
17 9 14 2 0 0 0
24 9 14 2 0 0 0
11 9 15 2 0 0 0
17 9 15 2 0 0 0
24 9 15 2 0 0 0
11 9 16 2 0 0 0
17 9 16 2 0 0 0
24 9 16 2 0 0 0
11 9 17 2 0 0 0
17 9 17 2 0 0 0
24 9 17 2 0 0 0
11 9 18 2 0 0 0
17 9 18 2 0 0 0
24 9 18 2 0 0 0
11 9 19 2 0 0 0
17 9 19 2 0 0 0
24 9 19 2 0 0 0
11 9 20 2 0 0 0
17 9 20 2 0 0 0
24 9 20 2 0 0 0
11 9 21 2 0 0 0
17 9 21 2 0 0 0
24 9 21 2 0 0 0
25 9 21 20 0 0 1
26 9 21 20 0 0 1
27 9 21 20 0 0 1
28 9 21 20 0 0 1
29 9 21 20 0 0 1
11 9 22 2 0 0 0
17 9 22 2 0 0 0
24 9 22 2 0 0 0
4 9 23 2 0 0 0
5 9 23 2 0 0 0
6 9 23 2 0 0 0
7 9 23 2 0 0 0
8 9 23 2 0 0 0
9 9 23 2 0 0 0
10 9 23 2 0 0 0
11 9 23 2 0 0 0
17 9 23 2 0 0 0
24 9 23 2 0 0 0
17 9 24 2 0 0 0
24 9 24 2 0 0 0
17 9 25 2 0 0 0
24 9 25 2 0 0 0
25 9 25 2 0 0 0
26 9 25 2 0 0 0
27 9 25 2 0 0 0
28 9 25 2 0 0 0
29 9 25 2 0 0 0
17 9 26 2 0 0 0
24 9 26 2 0 0 0
25 9 26 2 0 0 0
26 9 26 2 0 0 0
27 9 26 2 0 0 0
28 9 26 2 0 0 0
29 9 26 2 0 0 0
17 9 27 2 0 0 0
24 9 27 2 0 0 0
25 9 27 2 0 0 0
26 9 27 2 0 0 0
27 9 27 2 0 0 0
28 9 27 2 0 0 0
29 9 27 2 0 0 0
17 9 28 2 0 0 0
24 9 28 2 0 0 0
25 9 28 2 0 0 0
26 9 28 2 0 0 0
27 9 28 2 0 0 0
28 9 28 2 0 0 0
29 9 28 2 0 0 0
17 9 29 2 0 0 0
24 9 29 2 0 0 0
25 9 29 2 0 0 0
26 9 29 2 0 0 0
27 9 29 2 0 0 0
28 9 29 2 0 0 0
29 9 29 2 0 0 0
11 10 0 2 0 0 0
12 10 0 2 0 0 0
13 10 0 2 0 0 0
14 10 0 2 0 0 0
15 10 0 2 0 0 0
16 10 0 2 0 0 0
17 10 0 2 0 0 0
18 10 0 2 0 0 0
19 10 0 2 0 0 0
20 10 0 2 0 0 0
21 10 0 2 0 0 0
22 10 0 2 0 0 0
23 10 0 2 0 0 0
24 10 0 2 0 0 0
25 10 0 2 0 0 0
26 10 0 2 0 0 0
27 10 0 2 0 0 0
28 10 0 2 0 0 0
29 10 0 2 0 0 0
11 10 1 2 0 0 0
29 10 1 2 0 0 0
11 10 2 2 0 0 0
29 10 2 2 0 0 0
11 10 3 2 0 0 0
29 10 3 2 0 0 0
11 10 4 2 0 0 0
29 10 4 2 0 0 0
11 10 5 2 0 0 0
29 10 5 2 0 0 0
11 10 6 2 0 0 0
29 10 6 2 0 0 0
11 10 7 2 0 0 0
17 10 7 2 0 0 0
18 10 7 2 0 0 0
23 10 7 2 0 0 0
24 10 7 2 0 0 0
29 10 7 2 0 0 0
11 10 8 2 0 0 0
17 10 8 2 0 0 0
18 10 8 2 0 0 0
23 10 8 2 0 0 0
24 10 8 2 0 0 0
29 10 8 2 0 0 0
11 10 9 2 0 0 0
17 10 9 2 0 0 0
18 10 9 2 0 0 0
23 10 9 2 0 0 0
24 10 9 2 0 0 0
29 10 9 2 0 0 0
11 10 10 2 0 0 0
17 10 10 2 0 0 0
24 10 10 2 0 0 0
11 10 11 2 0 0 0
17 10 11 2 0 0 0
24 10 11 2 0 0 0
11 10 12 2 0 0 0
17 10 12 2 0 0 0
24 10 12 2 0 0 0
11 10 13 2 0 0 0
17 10 13 2 0 0 0
24 10 13 2 0 0 0
11 10 14 2 0 0 0
17 10 14 2 0 0 0
24 10 14 2 0 0 0
11 10 15 2 0 0 0
17 10 15 2 0 0 0
24 10 15 2 0 0 0
11 10 16 2 0 0 0
17 10 16 2 0 0 0
24 10 16 2 0 0 0
11 10 17 2 0 0 0
17 10 17 2 0 0 0
24 10 17 2 0 0 0
11 10 18 2 0 0 0
17 10 18 2 0 0 0
24 10 18 2 0 0 0
11 10 19 2 0 0 0
17 10 19 2 0 0 0
24 10 19 2 0 0 0
11 10 20 2 0 0 0
17 10 20 2 0 0 0
24 10 20 2 0 0 0
11 10 21 2 0 0 0
17 10 21 2 0 0 0
24 10 21 2 0 0 0
11 10 22 2 0 0 0
17 10 22 2 0 0 0
24 10 22 2 0 0 0
25 10 22 20 0 0 1
26 10 22 20 0 0 1
27 10 22 20 0 0 1
28 10 22 20 0 0 1
29 10 22 20 0 0 1
4 10 23 2 0 0 0
5 10 23 2 0 0 0
6 10 23 2 0 0 0
7 10 23 2 0 0 0
8 10 23 2 0 0 0
9 10 23 2 0 0 0
10 10 23 2 0 0 0
11 10 23 2 0 0 0
17 10 23 2 0 0 0
24 10 23 2 0 0 0
17 10 24 2 0 0 0
24 10 24 2 0 0 0
17 10 25 2 0 0 0
24 10 25 2 0 0 0
25 10 25 2 0 0 0
26 10 25 2 0 0 0
27 10 25 2 0 0 0
28 10 25 2 0 0 0
29 10 25 2 0 0 0
17 10 26 2 0 0 0
24 10 26 2 0 0 0
25 10 26 2 0 0 0
26 10 26 2 0 0 0
27 10 26 2 0 0 0
28 10 26 2 0 0 0
29 10 26 2 0 0 0
17 10 27 2 0 0 0
24 10 27 2 0 0 0
25 10 27 2 0 0 0
26 10 27 2 0 0 0
27 10 27 2 0 0 0
28 10 27 2 0 0 0
29 10 27 2 0 0 0
17 10 28 2 0 0 0
24 10 28 2 0 0 0
25 10 28 2 0 0 0
26 10 28 2 0 0 0
27 10 28 2 0 0 0
28 10 28 2 0 0 0
29 10 28 2 0 0 0
17 10 29 2 0 0 0
24 10 29 2 0 0 0
25 10 29 2 0 0 0
26 10 29 2 0 0 0
27 10 29 2 0 0 0
28 10 29 2 0 0 0
29 10 29 2 0 0 0
11 11 0 2 0 0 0
12 11 0 2 0 0 0
13 11 0 2 0 0 0
14 11 0 2 0 0 0
15 11 0 2 0 0 0
16 11 0 2 0 0 0
17 11 0 2 0 0 0
18 11 0 2 0 0 0
19 11 0 2 0 0 0
20 11 0 2 0 0 0
21 11 0 2 0 0 0
22 11 0 2 0 0 0
23 11 0 2 0 0 0
24 11 0 2 0 0 0
25 11 0 2 0 0 0
26 11 0 2 0 0 0
27 11 0 2 0 0 0
28 11 0 2 0 0 0
29 11 0 2 0 0 0
29 11 1 2 0 0 0
29 11 2 2 0 0 0
29 11 3 2 0 0 0
29 11 4 2 0 0 0
29 11 5 2 0 0 0
29 11 6 2 0 0 0
17 11 7 2 0 0 0
18 11 7 2 0 0 0
23 11 7 2 0 0 0
24 11 7 2 0 0 0
29 11 7 2 0 0 0
17 11 8 2 0 0 0
18 11 8 2 0 0 0
23 11 8 2 0 0 0
24 11 8 2 0 0 0
29 11 8 2 0 0 0
17 11 9 2 0 0 0
18 11 9 2 0 0 0
23 11 9 2 0 0 0
24 11 9 2 0 0 0
29 11 9 2 0 0 0
24 11 10 2 0 0 0
24 11 11 2 0 0 0
24 11 12 2 0 0 0
24 11 13 2 0 0 0
24 11 14 2 0 0 0
24 11 15 2 0 0 0
24 11 16 2 0 0 0
24 11 17 2 0 0 0
24 11 18 2 0 0 0
24 11 19 2 0 0 0
24 11 20 2 0 0 0
24 11 21 2 0 0 0
24 11 22 2 0 0 0
24 11 23 2 0 0 0
25 11 23 20 0 0 1
26 11 23 20 0 0 1
27 11 23 20 0 0 1
28 11 23 20 0 0 1
29 11 23 20 0 0 1
24 11 24 2 0 0 0
24 11 25 2 0 0 0
25 11 25 2 0 0 0
26 11 25 2 0 0 0
27 11 25 2 0 0 0
28 11 25 2 0 0 0
29 11 25 2 0 0 0
24 11 26 2 0 0 0
25 11 26 2 0 0 0
26 11 26 2 0 0 0
27 11 26 2 0 0 0
28 11 26 2 0 0 0
29 11 26 2 0 0 0
24 11 27 2 0 0 0
25 11 27 2 0 0 0
26 11 27 2 0 0 0
27 11 27 2 0 0 0
28 11 27 2 0 0 0
29 11 27 2 0 0 0
24 11 28 2 0 0 0
25 11 28 2 0 0 0
26 11 28 2 0 0 0
27 11 28 2 0 0 0
28 11 28 2 0 0 0
29 11 28 2 0 0 0
24 11 29 2 0 0 0
25 11 29 2 0 0 0
26 11 29 2 0 0 0
27 11 29 2 0 0 0
28 11 29 2 0 0 0
29 11 29 2 0 0 0
24 12 7 2 0 0 0
24 12 8 2 0 0 0
24 12 9 2 0 0 0
24 12 10 2 0 0 0
24 12 11 2 0 0 0
24 12 12 2 0 0 0
24 12 13 2 0 0 0
24 12 14 2 0 0 0
24 12 15 2 0 0 0
24 12 16 2 0 0 0
24 12 17 2 0 0 0
24 12 18 2 0 0 0
24 12 19 2 0 0 0
24 12 20 2 0 0 0
24 12 21 2 0 0 0
24 12 22 2 0 0 0
24 12 23 2 0 0 0
24 12 24 2 0 0 0
25 12 24 20 0 0 1
26 12 24 20 0 0 1
27 12 24 20 0 0 1
28 12 24 20 0 0 1
29 12 24 20 0 0 1
24 12 25 2 0 0 0
25 12 25 2 0 0 0
26 12 25 2 0 0 0
27 12 25 2 0 0 0
28 12 25 2 0 0 0
29 12 25 2 0 0 0
24 12 26 2 0 0 0
25 12 26 2 0 0 0
26 12 26 2 0 0 0
27 12 26 2 0 0 0
28 12 26 2 0 0 0
29 12 26 2 0 0 0
24 12 27 2 0 0 0
25 12 27 2 0 0 0
26 12 27 2 0 0 0
27 12 27 2 0 0 0
28 12 27 2 0 0 0
29 12 27 2 0 0 0
24 12 28 2 0 0 0
25 12 28 2 0 0 0
26 12 28 2 0 0 0
27 12 28 2 0 0 0
28 12 28 2 0 0 0
29 12 28 2 0 0 0
24 12 29 2 0 0 0
25 12 29 2 0 0 0
26 12 29 2 0 0 0
27 12 29 2 0 0 0
28 12 29 2 0 0 0
29 12 29 2 0 0 0
24 13 7 2 0 0 0
24 13 8 2 0 0 0
24 13 9 2 0 0 0
24 13 10 2 0 0 0
24 13 11 2 0 0 0
24 13 12 2 0 0 0
24 13 13 2 0 0 0
24 13 14 2 0 0 0
24 13 15 2 0 0 0
24 13 16 2 0 0 0
24 13 17 2 0 0 0
24 13 18 2 0 0 0
24 13 19 2 0 0 0
24 13 20 2 0 0 0
24 13 21 2 0 0 0
24 13 22 2 0 0 0
24 13 23 2 0 0 0
24 13 24 2 0 0 0
24 13 25 2 0 0 0
25 13 25 2 0 0 0
26 13 25 2 0 0 0
27 13 25 2 0 0 0
28 13 25 2 0 0 0
29 13 25 2 0 0 0
24 13 26 2 0 0 0
25 13 26 2 0 0 0
26 13 26 2 0 0 0
27 13 26 2 0 0 0
28 13 26 2 0 0 0
29 13 26 2 0 0 0
24 13 27 2 0 0 0
25 13 27 2 0 0 0
26 13 27 2 0 0 0
27 13 27 2 0 0 0
28 13 27 2 0 0 0
29 13 27 2 0 0 0
24 13 28 2 0 0 0
25 13 28 2 0 0 0
26 13 28 2 0 0 0
27 13 28 2 0 0 0
28 13 28 2 0 0 0
29 13 28 2 0 0 0
24 13 29 2 0 0 0
25 13 29 2 0 0 0
26 13 29 2 0 0 0
27 13 29 2 0 0 0
28 13 29 2 0 0 0
29 13 29 2 0 0 0
27 14 27 6 0 0 0
