16 8 16
PART 1 2 0.9 0.3 0.3 L-SHIELD
PARTCELL 1 0 0 0 2
PARTCELL 1 1 0 0 2
PARTCELL 1 2 0 0 2
PARTCELL 1 2 1 0 2
PARTCELL 1 2 2 0 2
PART 2 2 0.9 0.8 0.2 T-BRIDGE
PARTCELL 2 1 0 0 2
PARTCELL 2 1 1 0 2
PARTCELL 2 0 2 0 2
PARTCELL 2 1 2 0 2
PARTCELL 2 2 2 0 2
PART 3 2 0.2 0.7 0.9 LADDER-WALL
PARTCELL 3 0 0 0 3
PARTCELL 3 1 0 0 2
PARTCELL 3 0 1 0 3
PARTCELL 3 1 1 0 2
PARTCELL 3 0 2 0 3
PARTCELL 3 1 2 0 2
PART 4 2 0.4 0.9 0.4 MY PART A
PARTCELL 4 0 0 0 2
PART 5 2 0.8 0.4 0.9 MY PART B
PARTCELL 5 0 0 0 3
1 0 1 1 0 0 0
2 0 1 1 0 0 0
3 0 1 1 0 0 0
4 0 1 1 0 0 0
5 0 1 1 0 0 0
1 0 2 1 0 0 0
2 0 2 1 0 0 0
3 0 2 1 0 0 0
4 0 2 1 0 0 0
5 0 2 1 0 0 0
1 0 3 1 0 0 0
2 0 3 1 0 0 0
3 0 3 1 0 0 0
4 0 3 1 0 0 0
5 0 3 1 0 0 0
1 0 4 1 0 0 0
2 0 4 1 0 0 0
3 0 4 1 0 0 0
4 0 4 1 0 0 0
5 0 4 1 0 0 0
1 0 5 1 0 0 0
2 0 5 1 0 0 0
3 0 5 1 0 0 0
4 0 5 1 0 0 0
5 0 5 1 0 0 0
2 1 2 7 0 0 0
2 1 4 5 0 0 65538
4 1 2 5 0 0 196611
5 0 2 12 0 0 0
6 0 2 12 0 0 0
7 0 2 12 0 0 0
8 0 2 12 0 0 0
9 0 2 12 0 0 0
6 1 2 16 0 0 0
7 1 2 17 0 0 0
9 1 2 2 0 0 0
9 1 3 2 0 0 0
9 1 4 2 0 0 0
9 1 1 3 0 0 0
9 2 1 3 0 0 0
9 3 1 3 0 0 0
9 2 2 1 0 0 0
10 2 2 1 0 0 0
11 2 2 1 0 0 0
12 2 2 1 0 0 0
13 2 2 1 0 0 0
9 2 3 1 0 0 0
10 2 3 1 0 0 0
11 2 3 1 0 0 0
12 2 3 1 0 0 0
13 2 3 1 0 0 0
9 2 4 1 0 0 0
10 2 4 1 0 0 0
11 2 4 1 0 0 0
12 2 4 1 0 0 0
13 2 4 1 0 0 0
9 2 5 1 0 0 0
10 2 5 1 0 0 0
11 2 5 1 0 0 0
12 2 5 1 0 0 0
13 2 5 1 0 0 0
12 3 4 14 0 0 0
10 3 3 15 0 0 0
11 3 3 8 0 0 1
2 5 2
1 4 1 1 0 0 0
2 4 1 1 0 0 0
3 4 1 1 0 0 0
1 4 2 1 0 0 0
2 4 2 1 0 0 0
3 4 2 1 0 0 0
1 4 3 1 0 0 0
2 4 3 1 0 0 0
3 4 3 1 0 0 0
1 4 4 1 0 0 0
2 4 4 1 0 0 0
3 4 4 1 0 0 0
2 5 2 8 0 0 1
11 3 3
2 5 4 19 0 0 0
1 5 3 9 0 0 2
4 4 3 11 0 0 0
5 4 3 11 0 0 0
6 4 3 11 0 0 0
5 4 3 18 0 0 0
7 4 3 1 0 0 0
7 4 4 13 0 0 0
7 4 7 1 0 0 0
7 4 8 13 0 0 0
7 4 12 1 0 0 0
8 4 12 1 0 0 0
8 4 13 1 0 0 0
8 5 12 10 0 0 2
8 5 13 6 0 0 0
