16 10 16
PART 1 2 0.9 0.3 0.3 L-SHIELD
PARTCELL 1 0 0 0 2
PARTCELL 1 1 0 0 2
PARTCELL 1 2 0 0 2
PARTCELL 1 2 1 0 2
PARTCELL 1 2 2 0 2
PART 2 2 0.9 0.8 0.2 T-BRIDGE
PARTCELL 2 1 0 0 2
PARTCELL 2 1 1 0 2
PARTCELL 2 0 2 0 2
PARTCELL 2 1 2 0 2
PARTCELL 2 2 2 0 2
PART 3 2 0.2 0.7 0.9 LADDER-WALL
PARTCELL 3 0 0 0 3
PARTCELL 3 1 0 0 2
PARTCELL 3 0 1 0 3
PARTCELL 3 1 1 0 2
PARTCELL 3 0 2 0 3
PARTCELL 3 1 2 0 2
PART 4 2 0.4 0.9 0.4 MY PART A
PARTCELL 4 0 0 0 2
PART 5 2 0.8 0.4 0.9 MY PART B
PARTCELL 5 0 0 0 3
0 0 0 12 0 0 0
1 0 0 12 0 0 0
2 0 0 12 0 0 0
3 0 0 12 0 0 0
0 0 1 12 0 0 0
1 0 1 12 0 0 0
2 0 1 12 0 0 0
3 0 1 12 0 0 0
0 0 2 12 0 0 0
1 0 2 12 0 0 0
2 0 2 12 0 0 0
3 0 2 12 0 0 0
0 0 3 12 0 0 0
1 0 3 12 0 0 0
2 0 3 12 0 0 0
3 0 3 12 0 0 0
0 0 4 12 0 0 0
1 0 4 12 0 0 0
2 0 4 12 0 0 0
3 0 4 12 0 0 0
0 0 5 12 0 0 0
1 0 5 12 0 0 0
2 0 5 12 0 0 0
3 0 5 12 0 0 0
0 0 6 12 0 0 0
1 0 6 12 0 0 0
2 0 6 12 0 0 0
3 0 6 12 0 0 0
0 0 7 12 0 0 0
1 0 7 12 0 0 0
2 0 7 12 0 0 0
3 0 7 12 0 0 0
0 0 8 12 0 0 0
1 0 8 12 0 0 0
2 0 8 12 0 0 0
3 0 8 12 0 0 0
0 0 9 12 0 0 0
1 0 9 12 0 0 0
2 0 9 12 0 0 0
3 0 9 12 0 0 0
0 0 10 12 0 0 0
1 0 10 12 0 0 0
2 0 10 12 0 0 0
3 0 10 12 0 0 0
0 0 11 12 0 0 0
1 0 11 12 0 0 0
2 0 11 12 0 0 0
3 0 11 12 0 0 0
0 0 12 12 0 0 0
1 0 12 12 0 0 0
2 0 12 12 0 0 0
3 0 12 12 0 0 0
0 0 13 12 0 0 0
1 0 13 12 0 0 0
2 0 13 12 0 0 0
3 0 13 12 0 0 0
0 0 14 12 0 0 0
1 0 14 12 0 0 0
2 0 14 12 0 0 0
3 0 14 12 0 0 0
0 0 15 12 0 0 0
1 0 15 12 0 0 0
2 0 15 12 0 0 0
3 0 15 12 0 0 0
