30 15 30
PRESET "Sunny (Default)"
ENVIRONMENT 0.1 0.25 0.5 1 1 0.9 0.9 0.9 0.5 -1 0.5
PART 1 2 0.9 0.3 0.3 Parts
PARTCELL 1 0 0 0 2
PARTCELL 1 1 0 0 2
PARTCELL 1 2 0 0 2
PARTCELL 1 0 0 1 2
PARTCELL 1 1 0 1 2
PARTCELL 1 2 0 1 2
PARTCELL 1 0 0 2 2
PARTCELL 1 1 0 2 2
PARTCELL 1 2 0 2 2
PARTCELL 1 2 1 0 2
PARTCELL 1 2 2 0 2
PART 2 2 0.9 0.8 0.2 T-BRIDGE
PARTCELL 2 1 0 0 2
PARTCELL 2 1 1 0 2
PARTCELL 2 0 2 0 2
PARTCELL 2 1 2 0 2
PARTCELL 2 2 2 0 2
PART 3 2 0.2 0.7 0.9 LADDER-WALL
PARTCELL 3 0 0 0 3
PARTCELL 3 1 0 0 2
PARTCELL 3 0 1 0 3
PARTCELL 3 1 1 0 2
PARTCELL 3 0 2 0 3
PARTCELL 3 1 2 0 2
PART 4 2 0.4 0.9 0.4 MY PART A
PARTCELL 4 0 0 0 2
PART 5 2 0.8 0.4 0.9 MY PART B
PARTCELL 5 0 0 0 3
5 0 3 2 0 0 0
6 0 3 2 0 0 0
7 0 3 2 0 0 0
8 0 3 2 0 0 0
9 0 3 2 0 0 0
10 0 3 2 0 0 0
11 0 3 2 0 0 0
12 0 3 2 0 0 0
13 0 3 2 0 0 0
14 0 3 2 0 0 0
15 0 3 2 0 0 0
16 0 3 2 0 0 0
5 1 3 2 0 0 0
6 1 3 2 0 0 0
7 1 3 2 0 0 0
8 1 3 2 0 0 0
9 1 3 2 0 0 0
10 1 3 2 0 0 0
11 1 3 2 0 0 0
12 1 3 2 0 0 0
13 1 3 2 0 0 0
14 1 3 2 0 0 0
15 1 3 2 0 0 0
16 1 3 2 0 0 0
5 2 1 13 0 0 658698
8 2 1 11 0 0 0
9 2 1 11 0 0 0
10 2 1 12 0 0 0
11 2 1 11 0 0 0
12 2 1 11 0 0 0
15 2 1 13 0 0 658698
5 2 2 13 0 0 658698
8 2 2 11 0 0 0
9 2 2 11 0 0 0
10 2 2 12 0 0 0
11 2 2 11 0 0 0
12 2 2 11 0 0 0
15 2 2 13 0 0 658698
5 2 3 2 0 0 0
6 2 3 2 0 0 0
7 2 3 2 0 0 0
8 2 3 2 0 0 0
9 2 3 2 0 0 0
10 2 3 2 0 0 0
11 2 3 2 0 0 0
12 2 3 2 0 0 0
13 2 3 2 0 0 0
14 2 3 2 0 0 0
15 2 3 2 0 0 0
16 2 3 2 0 0 0
12 2 24 2 0 0 0
13 2 24 2 0 0 0
14 2 24 2 0 0 0
15 2 24 2 0 0 0
16 2 24 2 0 0 0
17 2 24 2 0 0 0
18 2 24 2 0 0 0
19 2 24 2 0 0 0
20 2 24 2 0 0 0
21 2 24 2 0 0 0
0 3 1 1 0 0 0
1 3 1 1 0 0 0
2 3 1 1 0 0 0
3 3 1 1 0 0 0
0 3 2 1 0 0 0
1 3 2 1 0 0 0
2 3 2 1 0 0 0
3 3 2 1 0 0 0
0 3 3 1 0 0 0
1 3 3 1 0 0 0
2 3 3 1 0 0 0
3 3 3 1 0 0 0
5 3 3 2 0 0 0
6 3 3 2 0 0 0
7 3 3 2 0 0 0
8 3 3 2 0 0 0
9 3 3 2 0 0 0
10 3 3 2 0 0 0
11 3 3 2 0 0 0
12 3 3 2 0 0 0
13 3 3 2 0 0 0
14 3 3 2 0 0 0
15 3 3 2 0 0 0
16 3 3 2 0 0 0
0 3 4 1 0 0 0
1 3 4 1 0 0 0
2 3 4 1 0 0 0
12 3 24 2 0 0 0
13 3 24 2 0 0 0
14 3 24 2 0 0 0
15 3 24 2 0 0 0
16 3 24 2 0 0 0
17 3 24 2 0 0 0
18 3 24 2 0 0 0
19 3 24 2 0 0 0
20 3 24 2 0 0 0
21 3 24 2 0 0 0
3 4 0 24 0 0 0
3 4 1 24 0 0 0
1 4 2 6 0 0 0
3 4 2 24 0 0 0
2 4 3 24 0 0 0
5 4 3 2 0 0 0
6 4 3 2 0 0 0
7 4 3 2 0 0 0
8 4 3 2 0 0 0
9 4 3 2 0 0 0
10 4 3 2 0 0 0
11 4 3 2 0 0 0
12 4 3 2 0 0 0
13 4 3 2 0 0 0
14 4 3 2 0 0 0
15 4 3 2 0 0 0
16 4 3 2 0 0 0
0 4 4 24 0 0 0
1 4 4 24 0 0 0
12 4 24 2 0 0 0
13 4 24 2 0 0 0
14 4 24 2 0 0 0
15 4 24 2 0 0 0
16 4 24 2 0 0 0
17 4 24 2 0 0 0
18 4 24 2 0 0 0
19 4 24 2 0 0 0
20 4 24 2 0 0 0
21 4 24 2 0 0 0
3 5 0 24 0 0 0
3 5 1 24 0 0 0
4 5 1 1 0 0 0
17 5 1 1 0 0 0
18 5 1 1 0 0 0
19 5 1 1 0 0 0
3 5 2 24 0 0 0
4 5 2 1 0 0 0
17 5 2 1 0 0 0
18 5 2 1 0 0 0
19 5 2 1 0 0 0
2 5 3 24 0 0 0
3 5 3 1 0 0 0
4 5 3 1 0 0 0
5 5 3 2 0 0 0
6 5 3 2 0 0 0
7 5 3 2 0 0 0
8 5 3 2 0 0 0
9 5 3 2 0 0 0
10 5 3 2 0 0 0
11 5 3 2 0 0 0
12 5 3 2 0 0 0
13 5 3 2 0 0 0
14 5 3 2 0 0 0
15 5 3 2 0 0 0
16 5 3 2 0 0 0
0 5 4 24 0 0 0
1 5 4 24 0 0 0
2 5 4 1 0 0 0
3 5 4 1 0 0 0
4 5 4 1 0 0 0
5 5 4 12 0 0 0
6 5 4 12 0 0 0
1 5 5 1 0 0 0
2 5 5 1 0 0 0
3 5 5 1 0 0 0
4 5 5 1 0 0 0
5 5 5 12 0 0 0
6 5 5 12 0 0 0
7 5 5 12 0 0 0
2 5 6 12 0 0 0
3 5 6 12 0 0 0
4 5 6 12 0 0 0
5 5 6 12 0 0 0
6 5 6 12 0 0 0
7 5 6 12 0 0 0
8 5 6 12 0 0 0
3 5 7 12 0 0 0
4 5 7 12 0 0 0
5 5 7 12 0 0 0
6 5 7 12 0 0 0
7 5 7 12 0 0 0
8 5 7 12 0 0 0
9 5 7 12 0 0 0
3 5 8 22 0 0 10
4 5 8 12 0 0 0
5 5 8 12 0 0 0
6 5 8 12 0 0 0
7 5 8 12 0 0 0
8 5 8 12 0 0 0
9 5 8 12 0 0 0
10 5 8 12 0 0 0
3 5 9 22 0 0 10
4 5 9 22 0 0 10
5 5 9 12 0 0 0
6 5 9 12 0 0 0
7 5 9 12 0 0 0
8 5 9 12 0 0 0
9 5 9 12 0 0 0
10 5 9 12 0 0 0
11 5 9 12 0 0 0
3 5 10 22 0 0 10
4 5 10 22 0 0 10
6 5 10 12 0 0 0
7 5 10 12 0 0 0
8 5 10 12 0 0 0
9 5 10 12 0 0 0
10 5 10 12 0 0 0
11 5 10 12 0 0 0
3 5 11 22 0 0 10
4 5 11 22 0 0 10
7 5 11 12 0 0 0
8 5 11 12 0 0 0
9 5 11 12 0 0 0
10 5 11 12 0 0 0
11 5 11 20 0 0 1
12 5 11 20 0 0 1
3 5 12 22 0 0 10
4 5 12 22 0 0 10
8 5 12 12 0 0 0
9 5 12 12 0 0 0
10 5 12 20 0 0 1
11 5 12 20 0 0 1
12 5 12 20 0 0 1
13 5 12 20 0 0 1
3 5 13 22 0 0 10
4 5 13 22 0 0 10
10 5 13 20 0 0 1
11 5 13 20 0 0 1
12 5 13 20 0 0 1
13 5 13 20 0 0 1
14 5 13 20 0 0 1
3 5 14 22 0 0 10
4 5 14 22 0 0 10
11 5 14 20 0 0 1
12 5 14 20 0 0 1
13 5 14 20 0 0 1
14 5 14 20 0 0 1
15 5 14 20 0 0 1
3 5 15 22 0 0 10
4 5 15 22 0 0 10
12 5 15 20 0 0 1
13 5 15 20 0 0 1
14 5 15 20 0 0 1
15 5 15 20 0 0 1
16 5 15 20 0 0 1
3 5 16 22 0 0 10
4 5 16 22 0 0 10
13 5 16 20 0 0 1
14 5 16 20 0 0 1
15 5 16 20 0 0 1
16 5 16 20 0 0 1
17 5 16 20 0 0 1
3 5 17 22 0 0 10
4 5 17 22 0 0 10
14 5 17 20 0 0 1
15 5 17 20 0 0 1
16 5 17 20 0 0 1
17 5 17 1 0 0 0
18 5 17 1 0 0 0
19 5 17 1 0 0 0
3 5 18 22 0 0 10
4 5 18 22 0 0 10
15 5 18 20 0 0 1
16 5 18 1 0 0 0
17 5 18 1 0 0 0
18 5 18 1 0 0 0
19 5 18 1 0 0 0
20 5 18 1 0 0 0
3 5 19 22 0 0 10
4 5 19 22 0 0 10
16 5 19 1 0 0 0
17 5 19 1 0 0 0
18 5 19 1 0 0 0
19 5 19 1 0 0 0
20 5 19 1 0 0 0
21 5 19 1 0 0 0
3 5 20 22 0 0 10
4 5 20 22 0 0 10
16 5 20 1 0 0 0
17 5 20 1 0 0 0
18 5 20 1 0 0 0
19 5 20 1 0 0 0
20 5 20 1 0 0 0
3 5 21 13 0 0 658698
4 5 21 13 0 6.2832 658698
17 5 21 1 0 0 0
18 5 21 1 0 0 0
19 5 21 1 0 0 0
18 5 22 1 0 0 0
12 5 24 2 0 0 0
13 5 24 2 0 0 0
14 5 24 2 0 0 0
15 5 24 2 0 0 0
16 5 24 2 0 0 0
17 5 24 2 0 0 0
18 5 24 2 0 0 0
19 5 24 2 0 0 0
20 5 24 2 0 0 0
21 5 24 2 0 0 0
3 6 0 24 0 0 0
3 6 1 24 0 0 0
18 6 1 9 0 0 1
3 6 2 24 0 0 0
19 6 2 21 0 0 0
2 6 3 24 0 0 0
5 6 3 2 0 0 0
6 6 3 2 0 0 0
7 6 3 2 0 0 0
8 6 3 2 0 0 0
9 6 3 2 0 0 0
10 6 3 2 0 0 0
11 6 3 2 0 0 0
12 6 3 2 0 0 0
13 6 3 2 0 0 0
14 6 3 2 0 0 0
15 6 3 2 0 0 0
16 6 3 2 0 0 0
0 6 4 24 0 0 0
1 6 4 24 0 0 0
3 6 4 7 0 0 0
5 6 7 5 0 0 65538
3 6 13 17 0 0 0
18 6 16 15 0 0 0
19 6 16 1 0 0 0
17 6 17 15 0 0 0
18 6 17 15 0 0 0
20 6 17 1 0 0 0
3 6 18 17 0 0 0
16 6 18 15 0 0 0
17 6 18 15 0 0 0
21 6 18 1 0 0 0
15 6 19 15 0 0 0
16 6 19 15 0 0 0
19 6 20 21 0 6.2832 0
12 6 24 2 0 0 0
13 6 24 2 0 0 0
14 6 24 2 0 0 0
15 6 24 2 0 0 0
16 6 24 2 0 0 0
17 6 24 2 0 0 0
18 6 24 2 0 0 0
19 6 24 2 0 0 0
20 6 24 2 0 0 0
21 6 24 2 0 0 0
23 6 28 18 0 0 0
0 7 0 24 0 0 0
1 7 0 24 0 0 0
2 7 0 24 0 0 0
3 7 0 24 0 0 0
0 7 1 24 0 0 0
1 7 1 24 0 0 0
2 7 1 24 0 0 0
3 7 1 24 0 0 0
0 7 2 24 0 0 0
1 7 2 24 0 0 0
2 7 2 24 0 0 0
3 7 2 24 0 0 0
0 7 3 24 0 0 0
1 7 3 24 0 0 0
2 7 3 24 0 0 0
5 7 3 2 0 0 0
6 7 3 2 0 0 0
7 7 3 2 0 0 0
8 7 3 2 0 0 0
9 7 3 2 0 0 0
10 7 3 2 0 0 0
11 7 3 2 0 0 0
12 7 3 2 0 0 0
13 7 3 2 0 0 0
14 7 3 2 0 0 0
15 7 3 2 0 0 0
16 7 3 2 0 0 0
0 7 4 24 0 0 0
1 7 4 24 0 0 0
18 7 16 15 0 0 0
20 7 16 1 0 0 0
17 7 17 15 0 0 0
18 7 17 15 0 0 0
21 7 17 1 0 0 0
16 7 18 15 0 0 0
17 7 18 15 0 0 0
15 7 19 15 0 0 0
16 7 19 15 0 0 0
12 7 24 2 0 0 0
13 7 24 2 0 0 0
14 7 24 2 0 0 0
15 7 24 2 0 0 0
16 7 24 2 0 0 0
17 7 24 2 0 0 0
18 7 24 2 0 0 0
19 7 24 2 0 0 0
20 7 24 2 0 0 0
21 7 24 2 0 0 0
20 7 25 1 0 0 0
12 7 26 1 0 0 0
13 7 26 1 0 0 0
14 7 26 1 0 0 0
15 7 26 12 0 0 0
16 7 26 12 0 0 0
19 7 26 12 0 0 0
20 7 26 12 0 0 0
21 7 26 12 0 0 0
22 7 26 12 0 0 0
23 7 26 18 0 0 0
24 7 26 11 0 0 0
25 7 26 12 0 0 0
27 7 26 12 0 0 0
28 7 26 12 0 0 0
29 7 26 1 0 0 0
12 7 27 1 0 0 0
13 7 27 1 0 0 0
14 7 27 1 0 0 0
15 7 27 12 0 0 0
16 7 27 12 0 0 0
19 7 27 12 0 0 0
20 7 27 12 0 0 0
21 7 27 12 0 0 0
22 7 27 12 0 0 0
24 7 27 12 0 0 0
25 7 27 11 0 0 0
27 7 27 12 0 0 0
28 7 27 12 0 0 0
29 7 27 1 0 0 0
12 7 28 1 0 0 0
13 7 28 1 0 0 0
14 7 28 1 0 0 0
15 7 28 12 0 0 0
16 7 28 12 0 0 0
19 7 28 12 0 0 0
20 7 28 12 0 0 0
21 7 28 12 0 0 0
22 7 28 12 0 0 0
24 7 28 11 0 0 0
25 7 28 12 0 0 0
27 7 28 12 0 0 0
28 7 28 12 0 0 0
29 7 28 1 0 0 0
5 8 0 2 0 0 0
6 8 0 2 0 0 0
7 8 0 2 0 0 0
8 8 0 2 0 0 0
9 8 0 2 0 0 0
10 8 0 2 0 0 0
11 8 0 2 0 0 0
12 8 0 2 0 0 0
13 8 0 2 0 0 0
14 8 0 2 0 0 0
15 8 0 2 0 0 0
16 8 0 2 0 0 0
5 8 1 2 0 0 0
6 8 1 2 0 0 0
7 8 1 2 0 0 0
8 8 1 2 0 0 0
9 8 1 2 0 0 0
10 8 1 2 0 0 0
11 8 1 2 0 0 0
12 8 1 2 0 0 0
13 8 1 2 0 0 0
14 8 1 2 0 0 0
15 8 1 2 0 0 0
16 8 1 2 0 0 0
5 8 2 2 0 0 0
6 8 2 2 0 0 0
7 8 2 2 0 0 0
8 8 2 2 0 0 0
9 8 2 2 0 0 0
10 8 2 2 0 0 0
11 8 2 2 0 0 0
12 8 2 2 0 0 0
13 8 2 2 0 0 0
14 8 2 2 0 0 0
15 8 2 2 0 0 0
16 8 2 2 0 0 0
5 8 3 2 0 0 0
6 8 3 2 0 0 0
7 8 3 2 0 0 0
8 8 3 2 0 0 0
9 8 3 2 0 0 0
10 8 3 2 0 0 0
11 8 3 2 0 0 0
12 8 3 2 0 0 0
13 8 3 2 0 0 0
14 8 3 2 0 0 0
15 8 3 2 0 0 0
16 8 3 2 0 0 0
20 8 15 1 0 0 0
18 8 16 15 0 0 0
21 8 16 1 0 0 0
17 8 17 15 0 0 0
18 8 17 15 0 0 0
22 8 17 1 0 0 0
16 8 18 15 0 0 0
17 8 18 15 0 0 0
15 8 19 15 0 0 0
16 8 19 15 0 0 0
2 8 22 1 0 0 0
3 8 22 1 0 0 0
4 8 22 1 0 0 0
5 8 22 1 0 0 0
2 8 23 1 0 0 0
3 8 23 1 0 0 0
4 8 23 1 0 0 0
5 8 23 1 0 0 0
2 8 24 1 0 0 0
3 8 24 1 0 0 0
4 8 24 1 0 0 0
5 8 24 1 0 0 0
12 8 24 2 0 0 0
13 8 24 2 0 0 0
14 8 24 2 0 0 0
15 8 24 2 0 0 0
16 8 24 2 0 0 0
17 8 24 2 0 0 0
18 8 24 2 0 0 0
19 8 24 2 0 0 0
20 8 24 2 0 0 0
21 8 24 2 0 0 0
2 8 25 1 0 0 0
3 8 25 1 0 0 0
4 8 25 1 0 0 0
5 8 25 1 0 0 0
20 8 25 9 0 0 1
13 8 27 8 0 0 1
13 8 27
23 8 27 18 0 0 0
29 8 27 23 0 0 0
21 9 15 1 0 0 0
18 9 16 15 0 0 0
22 9 16 1 0 0 0
17 9 17 15 0 0 0
18 9 17 15 0 0 0
16 9 18 15 0 0 0
17 9 18 15 0 0 0
15 9 19 15 0 0 0
16 9 19 15 0 0 0
3 9 24 14 0 0 0
12 9 24 2 0 0 0
13 9 24 2 0 0 0
14 9 24 2 0 0 0
15 9 24 2 0 0 0
16 9 24 2 0 0 0
17 9 24 2 0 0 0
18 9 24 2 0 0 0
19 9 24 2 0 0 0
20 9 24 2 0 0 0
21 9 24 2 0 0 0
22 10 7 1 0 0 0
23 10 7 1 0 0 0
24 10 7 1 0 0 0
25 10 7 1 0 0 0
26 10 7 1 0 0 0
21 10 8 1 0 0 0
22 10 8 1 0 0 0
23 10 8 1 0 0 0
24 10 8 1 0 0 0
25 10 8 1 0 0 0
26 10 8 1 0 0 0
27 10 8 1 0 0 0
20 10 9 1 0 0 0
21 10 9 1 0 0 0
22 10 9 1 0 0 0
23 10 9 1 0 0 0
24 10 9 1 0 0 0
25 10 9 1 0 0 0
26 10 9 1 0 0 0
27 10 9 1 0 0 0
28 10 9 1 0 0 0
20 10 10 1 0 0 0
21 10 10 1 0 0 0
22 10 10 1 0 0 0
23 10 10 1 0 0 0
24 10 10 1 0 0 0
25 10 10 1 0 0 0
26 10 10 1 0 0 0
27 10 10 1 0 0 0
28 10 10 1 0 0 0
20 10 11 1 0 0 0
21 10 11 1 0 0 0
22 10 11 1 0 0 0
23 10 11 1 0 0 0
24 10 11 1 0 0 0
25 10 11 1 0 0 0
26 10 11 1 0 0 0
27 10 11 1 0 0 0
28 10 11 1 0 0 0
20 10 12 1 0 0 0
21 10 12 1 0 0 0
22 10 12 1 0 0 0
23 10 12 1 0 0 0
24 10 12 1 0 0 0
25 10 12 1 0 0 0
26 10 12 1 0 0 0
27 10 12 1 0 0 0
28 10 12 1 0 0 0
20 10 13 1 0 0 0
21 10 13 1 0 0 0
22 10 13 1 0 0 0
23 10 13 1 0 0 0
24 10 13 1 0 0 0
25 10 13 1 0 0 0
26 10 13 1 0 0 0
27 10 13 1 0 0 0
28 10 13 1 0 0 0
21 10 14 1 0 0 0
22 10 14 1 0 0 0
23 10 14 1 0 0 0
24 10 14 1 0 0 0
25 10 14 1 0 0 0
26 10 14 1 0 0 0
27 10 14 1 0 0 0
22 10 15 1 0 0 0
23 10 15 1 0 0 0
24 10 15 1 0 0 0
25 10 15 1 0 0 0
26 10 15 1 0 0 0
23 10 16 1 0 0 0
24 10 16 1 0 0 0
25 10 16 1 0 0 0
12 10 24 2 0 0 0
13 10 24 2 0 0 0
14 10 24 2 0 0 0
15 10 24 2 0 0 0
16 10 24 2 0 0 0
17 10 24 2 0 0 0
18 10 24 2 0 0 0
19 10 24 2 0 0 0
20 10 24 2 0 0 0
21 10 24 2 0 0 0
24 11 11 5 0 0 2
28 11 11 8 0 0 1
28 11 11
