30 15 30
ENVIRONMENT 0.1 0.25 0.5 1 1 0.9 0.9 0.9 0.5 -1 0.5
PART 1 2 0.9 0.3 0.3 L-SHIELD
PARTCELL 1 0 0 0 2
PARTCELL 1 1 0 0 2
PARTCELL 1 2 0 0 2
PARTCELL 1 2 1 0 2
PARTCELL 1 2 2 0 2
PART 2 2 0.9 0.8 0.2 T-BRIDGE
PARTCELL 2 1 0 0 2
PARTCELL 2 1 1 0 2
PARTCELL 2 0 2 0 2
PARTCELL 2 1 2 0 2
PARTCELL 2 2 2 0 2
PART 3 2 0.2 0.7 0.9 LADDER-WALL
PARTCELL 3 0 0 0 3
PARTCELL 3 1 0 0 2
PARTCELL 3 0 1 0 3
PARTCELL 3 1 1 0 2
PARTCELL 3 0 2 0 3
PARTCELL 3 1 2 0 2
PART 4 2 0.4 0.9 0.4 stage05 stairs
PARTCELL 4 0 0 0 2
PARTCELL 4 1 0 0 2
PARTCELL 4 2 0 0 2
PARTCELL 4 0 0 1 2
PARTCELL 4 1 0 1 2
PARTCELL 4 2 0 1 2
PARTCELL 4 0 0 2 2
PARTCELL 4 1 0 2 2
PARTCELL 4 2 0 2 2
PART 5 2 0.8 0.4 0.9 MY PART B
PARTCELL 5 0 0 0 3
0 0 0 1 0 0 0
1 0 0 1 0 0 0
2 0 0 1 0 0 0
3 0 0 1 0 0 0
4 0 0 1 0 0 0
5 0 0 1 0 0 0
6 0 0 1 0 0 0
7 0 0 1 0 0 0
8 0 0 1 0 0 0
9 0 0 1 0 0 0
10 0 0 1 0 0 0
11 0 0 1 0 0 0
12 0 0 1 0 0 0
13 0 0 1 0 0 0
14 0 0 1 0 0 0
15 0 0 1 0 0 0
16 0 0 1 0 0 0
17 0 0 1 0 0 0
18 0 0 1 0 0 0
19 0 0 1 0 0 0
20 0 0 1 0 0 0
21 0 0 1 0 0 0
22 0 0 1 0 0 0
23 0 0 1 0 0 0
24 0 0 1 0 0 0
25 0 0 1 0 0 0
26 0 0 1 0 0 0
27 0 0 1 0 0 0
28 0 0 1 0 0 0
29 0 0 1 0 0 0
0 0 1 1 0 0 0
1 0 1 1 0 0 0
2 0 1 1 0 0 0
3 0 1 1 0 0 0
4 0 1 1 0 0 0
5 0 1 1 0 0 0
6 0 1 1 0 0 0
7 0 1 1 0 0 0
8 0 1 1 0 0 0
9 0 1 1 0 0 0
10 0 1 1 0 0 0
11 0 1 1 0 0 0
12 0 1 1 0 0 0
13 0 1 1 0 0 0
14 0 1 1 0 0 0
15 0 1 1 0 0 0
16 0 1 1 0 0 0
17 0 1 1 0 0 0
18 0 1 1 0 0 0
19 0 1 1 0 0 0
20 0 1 1 0 0 0
21 0 1 1 0 0 0
22 0 1 1 0 0 0
23 0 1 1 0 0 0
24 0 1 1 0 0 0
25 0 1 1 0 0 0
26 0 1 1 0 0 0
27 0 1 1 0 0 0
28 0 1 1 0 0 0
29 0 1 1 0 0 0
0 0 2 1 0 0 0
1 0 2 1 0 0 0
2 0 2 1 0 0 0
3 0 2 1 0 0 0
4 0 2 1 0 0 0
5 0 2 1 0 0 0
6 0 2 1 0 0 0
7 0 2 1 0 0 0
8 0 2 1 0 0 0
9 0 2 1 0 0 0
10 0 2 1 0 0 0
11 0 2 1 0 0 0
12 0 2 1 0 0 0
13 0 2 1 0 0 0
14 0 2 1 0 0 0
15 0 2 1 0 0 0
16 0 2 1 0 0 0
17 0 2 1 0 0 0
18 0 2 1 0 0 0
19 0 2 1 0 0 0
20 0 2 1 0 0 0
21 0 2 1 0 0 0
22 0 2 1 0 0 0
23 0 2 1 0 0 0
24 0 2 1 0 0 0
25 0 2 1 0 0 0
26 0 2 1 0 0 0
27 0 2 1 0 0 0
28 0 2 1 0 0 0
29 0 2 1 0 0 0
0 0 3 1 0 0 0
1 0 3 1 0 0 0
2 0 3 1 0 0 0
3 0 3 1 0 0 0
4 0 3 1 0 0 0
5 0 3 1 0 0 0
6 0 3 1 0 0 0
7 0 3 1 0 0 0
8 0 3 1 0 0 0
9 0 3 1 0 0 0
10 0 3 1 0 0 0
11 0 3 1 0 0 0
12 0 3 1 0 0 0
13 0 3 1 0 0 0
14 0 3 1 0 0 0
15 0 3 1 0 0 0
16 0 3 1 0 0 0
17 0 3 1 0 0 0
18 0 3 1 0 0 0
19 0 3 1 0 0 0
20 0 3 1 0 0 0
21 0 3 1 0 0 0
22 0 3 1 0 0 0
23 0 3 1 0 0 0
24 0 3 1 0 0 0
25 0 3 1 0 0 0
26 0 3 1 0 0 0
27 0 3 1 0 0 0
28 0 3 1 0 0 0
29 0 3 1 0 0 0
0 0 4 1 0 0 0
1 0 4 1 0 0 0
2 0 4 1 0 0 0
3 0 4 1 0 0 0
4 0 4 1 0 0 0
5 0 4 1 0 0 0
6 0 4 1 0 0 0
7 0 4 1 0 0 0
8 0 4 1 0 0 0
9 0 4 1 0 0 0
10 0 4 1 0 0 0
11 0 4 1 0 0 0
12 0 4 1 0 0 0
13 0 4 1 0 0 0
14 0 4 1 0 0 0
15 0 4 1 0 0 0
16 0 4 1 0 0 0
17 0 4 1 0 0 0
18 0 4 1 0 0 0
19 0 4 1 0 0 0
20 0 4 1 0 0 0
21 0 4 1 0 0 0
22 0 4 1 0 0 0
23 0 4 1 0 0 0
24 0 4 1 0 0 0
25 0 4 1 0 0 0
26 0 4 1 0 0 0
27 0 4 1 0 0 0
28 0 4 1 0 0 0
29 0 4 1 0 0 0
0 0 5 1 0 0 0
1 0 5 1 0 0 0
2 0 5 1 0 0 0
3 0 5 1 0 0 0
4 0 5 1 0 0 0
5 0 5 1 0 0 0
6 0 5 1 0 0 0
7 0 5 1 0 0 0
8 0 5 1 0 0 0
9 0 5 1 0 0 0
10 0 5 1 0 0 0
11 0 5 1 0 0 0
12 0 5 1 0 0 0
13 0 5 1 0 0 0
14 0 5 1 0 0 0
15 0 5 1 0 0 0
16 0 5 1 0 0 0
17 0 5 1 0 0 0
18 0 5 1 0 0 0
19 0 5 1 0 0 0
20 0 5 1 0 0 0
21 0 5 1 0 0 0
22 0 5 1 0 0 0
23 0 5 1 0 0 0
24 0 5 1 0 0 0
25 0 5 1 0 0 0
26 0 5 1 0 0 0
27 0 5 1 0 0 0
28 0 5 1 0 0 0
29 0 5 1 0 0 0
0 0 6 1 0 0 0
1 0 6 1 0 0 0
2 0 6 1 0 0 0
3 0 6 1 0 0 0
4 0 6 1 0 0 0
5 0 6 1 0 0 0
6 0 6 1 0 0 0
7 0 6 1 0 0 0
8 0 6 1 0 0 0
9 0 6 1 0 0 0
10 0 6 1 0 0 0
11 0 6 1 0 0 0
12 0 6 1 0 0 0
13 0 6 1 0 0 0
14 0 6 1 0 0 0
15 0 6 1 0 0 0
16 0 6 1 0 0 0
17 0 6 1 0 0 0
18 0 6 1 0 0 0
19 0 6 1 0 0 0
20 0 6 1 0 0 0
21 0 6 1 0 0 0
22 0 6 1 0 0 0
23 0 6 1 0 0 0
24 0 6 1 0 0 0
25 0 6 1 0 0 0
26 0 6 1 0 0 0
27 0 6 1 0 0 0
28 0 6 1 0 0 0
29 0 6 1 0 0 0
0 0 7 1 0 0 0
1 0 7 1 0 0 0
2 0 7 1 0 0 0
3 0 7 1 0 0 0
4 0 7 1 0 0 0
5 0 7 1 0 0 0
6 0 7 1 0 0 0
7 0 7 1 0 0 0
8 0 7 1 0 0 0
9 0 7 1 0 0 0
10 0 7 1 0 0 0
11 0 7 1 0 0 0
12 0 7 1 0 0 0
13 0 7 1 0 0 0
14 0 7 1 0 0 0
15 0 7 1 0 0 0
16 0 7 1 0 0 0
17 0 7 1 0 0 0
18 0 7 1 0 0 0
19 0 7 1 0 0 0
20 0 7 1 0 0 0
21 0 7 1 0 0 0
22 0 7 1 0 0 0
23 0 7 1 0 0 0
24 0 7 1 0 0 0
25 0 7 1 0 0 0
26 0 7 1 0 0 0
27 0 7 1 0 0 0
28 0 7 1 0 0 0
29 0 7 1 0 0 0
0 0 8 1 0 0 0
1 0 8 1 0 0 0
2 0 8 1 0 0 0
3 0 8 1 0 0 0
4 0 8 1 0 0 0
5 0 8 1 0 0 0
6 0 8 1 0 0 0
7 0 8 1 0 0 0
8 0 8 1 0 0 0
9 0 8 1 0 0 0
10 0 8 1 0 0 0
11 0 8 1 0 0 0
12 0 8 1 0 0 0
13 0 8 1 0 0 0
14 0 8 1 0 0 0
15 0 8 1 0 0 0
16 0 8 1 0 0 0
17 0 8 1 0 0 0
18 0 8 1 0 0 0
19 0 8 1 0 0 0
20 0 8 1 0 0 0
21 0 8 1 0 0 0
22 0 8 1 0 0 0
23 0 8 1 0 0 0
24 0 8 1 0 0 0
25 0 8 1 0 0 0
26 0 8 1 0 0 0
27 0 8 1 0 0 0
28 0 8 1 0 0 0
29 0 8 1 0 0 0
0 0 9 1 0 0 0
1 0 9 1 0 0 0
2 0 9 1 0 0 0
3 0 9 1 0 0 0
4 0 9 1 0 0 0
5 0 9 1 0 0 0
6 0 9 1 0 0 0
7 0 9 1 0 0 0
8 0 9 1 0 0 0
9 0 9 1 0 0 0
10 0 9 1 0 0 0
11 0 9 1 0 0 0
12 0 9 1 0 0 0
13 0 9 1 0 0 0
14 0 9 1 0 0 0
15 0 9 1 0 0 0
16 0 9 1 0 0 0
17 0 9 1 0 0 0
18 0 9 1 0 0 0
19 0 9 1 0 0 0
20 0 9 1 0 0 0
21 0 9 1 0 0 0
22 0 9 1 0 0 0
23 0 9 1 0 0 0
24 0 9 1 0 0 0
25 0 9 1 0 0 0
26 0 9 1 0 0 0
27 0 9 1 0 0 0
28 0 9 1 0 0 0
29 0 9 1 0 0 0
0 0 10 1 0 0 0
1 0 10 1 0 0 0
2 0 10 1 0 0 0
3 0 10 1 0 0 0
4 0 10 1 0 0 0
5 0 10 1 0 0 0
6 0 10 1 0 0 0
7 0 10 1 0 0 0
8 0 10 1 0 0 0
9 0 10 1 0 0 0
10 0 10 1 0 0 0
11 0 10 1 0 0 0
12 0 10 1 0 0 0
13 0 10 1 0 0 0
14 0 10 1 0 0 0
15 0 10 1 0 0 0
16 0 10 1 0 0 0
17 0 10 1 0 0 0
18 0 10 1 0 0 0
19 0 10 1 0 0 0
20 0 10 1 0 0 0
21 0 10 1 0 0 0
22 0 10 1 0 0 0
23 0 10 1 0 0 0
24 0 10 1 0 0 0
25 0 10 1 0 0 0
26 0 10 1 0 0 0
27 0 10 1 0 0 0
28 0 10 1 0 0 0
29 0 10 1 0 0 0
0 0 11 1 0 0 0
1 0 11 1 0 0 0
2 0 11 1 0 0 0
3 0 11 1 0 0 0
4 0 11 1 0 0 0
5 0 11 1 0 0 0
6 0 11 1 0 0 0
7 0 11 1 0 0 0
8 0 11 1 0 0 0
9 0 11 1 0 0 0
10 0 11 1 0 0 0
11 0 11 1 0 0 0
12 0 11 1 0 0 0
13 0 11 1 0 0 0
14 0 11 1 0 0 0
15 0 11 1 0 0 0
16 0 11 1 0 0 0
17 0 11 1 0 0 0
18 0 11 1 0 0 0
19 0 11 1 0 0 0
20 0 11 1 0 0 0
21 0 11 1 0 0 0
22 0 11 1 0 0 0
23 0 11 1 0 0 0
24 0 11 1 0 0 0
25 0 11 1 0 0 0
26 0 11 1 0 0 0
27 0 11 1 0 0 0
28 0 11 1 0 0 0
29 0 11 1 0 0 0
0 0 12 1 0 0 0
1 0 12 1 0 0 0
2 0 12 1 0 0 0
3 0 12 1 0 0 0
4 0 12 1 0 0 0
5 0 12 1 0 0 0
6 0 12 1 0 0 0
7 0 12 1 0 0 0
8 0 12 1 0 0 0
9 0 12 1 0 0 0
10 0 12 1 0 0 0
11 0 12 1 0 0 0
12 0 12 1 0 0 0
13 0 12 1 0 0 0
14 0 12 1 0 0 0
15 0 12 1 0 0 0
16 0 12 1 0 0 0
17 0 12 1 0 0 0
18 0 12 1 0 0 0
19 0 12 1 0 0 0
20 0 12 1 0 0 0
21 0 12 1 0 0 0
22 0 12 1 0 0 0
23 0 12 1 0 0 0
24 0 12 1 0 0 0
25 0 12 1 0 0 0
26 0 12 1 0 0 0
27 0 12 1 0 0 0
28 0 12 1 0 0 0
29 0 12 1 0 0 0
0 0 13 1 0 0 0
1 0 13 1 0 0 0
2 0 13 1 0 0 0
3 0 13 1 0 0 0
4 0 13 1 0 0 0
5 0 13 1 0 0 0
6 0 13 1 0 0 0
7 0 13 1 0 0 0
8 0 13 1 0 0 0
9 0 13 1 0 0 0
10 0 13 1 0 0 0
11 0 13 1 0 0 0
12 0 13 1 0 0 0
13 0 13 1 0 0 0
14 0 13 1 0 0 0
15 0 13 1 0 0 0
16 0 13 1 0 0 0
17 0 13 1 0 0 0
18 0 13 1 0 0 0
19 0 13 1 0 0 0
20 0 13 1 0 0 0
21 0 13 1 0 0 0
22 0 13 1 0 0 0
23 0 13 1 0 0 0
24 0 13 1 0 0 0
25 0 13 1 0 0 0
26 0 13 1 0 0 0
27 0 13 1 0 0 0
28 0 13 1 0 0 0
29 0 13 1 0 0 0
0 0 14 1 0 0 0
1 0 14 1 0 0 0
2 0 14 1 0 0 0
3 0 14 1 0 0 0
4 0 14 1 0 0 0
5 0 14 1 0 0 0
6 0 14 1 0 0 0
7 0 14 1 0 0 0
8 0 14 1 0 0 0
9 0 14 1 0 0 0
10 0 14 1 0 0 0
11 0 14 1 0 0 0
12 0 14 1 0 0 0
13 0 14 1 0 0 0
14 0 14 1 0 0 0
15 0 14 1 0 0 0
16 0 14 1 0 0 0
17 0 14 1 0 0 0
18 0 14 1 0 0 0
19 0 14 1 0 0 0
20 0 14 1 0 0 0
21 0 14 1 0 0 0
22 0 14 1 0 0 0
23 0 14 1 0 0 0
24 0 14 1 0 0 0
25 0 14 1 0 0 0
26 0 14 1 0 0 0
27 0 14 1 0 0 0
28 0 14 1 0 0 0
29 0 14 1 0 0 0
0 0 15 1 0 0 0
1 0 15 1 0 0 0
2 0 15 1 0 0 0
3 0 15 1 0 0 0
4 0 15 1 0 0 0
5 0 15 1 0 0 0
6 0 15 1 0 0 0
7 0 15 1 0 0 0
8 0 15 1 0 0 0
9 0 15 1 0 0 0
10 0 15 1 0 0 0
11 0 15 1 0 0 0
12 0 15 1 0 0 0
13 0 15 1 0 0 0
14 0 15 1 0 0 0
15 0 15 1 0 0 0
16 0 15 1 0 0 0
17 0 15 1 0 0 0
18 0 15 1 0 0 0
19 0 15 1 0 0 0
20 0 15 1 0 0 0
21 0 15 1 0 0 0
22 0 15 1 0 0 0
23 0 15 1 0 0 0
24 0 15 1 0 0 0
25 0 15 1 0 0 0
26 0 15 1 0 0 0
27 0 15 1 0 0 0
28 0 15 1 0 0 0
29 0 15 1 0 0 0
0 0 16 1 0 0 0
1 0 16 1 0 0 0
2 0 16 1 0 0 0
3 0 16 1 0 0 0
4 0 16 1 0 0 0
5 0 16 1 0 0 0
6 0 16 1 0 0 0
7 0 16 1 0 0 0
8 0 16 1 0 0 0
9 0 16 1 0 0 0
10 0 16 1 0 0 0
11 0 16 1 0 0 0
12 0 16 1 0 0 0
13 0 16 1 0 0 0
14 0 16 1 0 0 0
15 0 16 1 0 0 0
16 0 16 1 0 0 0
17 0 16 1 0 0 0
18 0 16 1 0 0 0
19 0 16 1 0 0 0
20 0 16 1 0 0 0
21 0 16 1 0 0 0
22 0 16 1 0 0 0
23 0 16 1 0 0 0
24 0 16 1 0 0 0
25 0 16 1 0 0 0
26 0 16 1 0 0 0
27 0 16 1 0 0 0
28 0 16 1 0 0 0
29 0 16 1 0 0 0
0 0 17 1 0 0 0
1 0 17 1 0 0 0
2 0 17 1 0 0 0
3 0 17 1 0 0 0
4 0 17 1 0 0 0
5 0 17 1 0 0 0
6 0 17 1 0 0 0
7 0 17 1 0 0 0
8 0 17 1 0 0 0
9 0 17 1 0 0 0
10 0 17 1 0 0 0
11 0 17 1 0 0 0
12 0 17 1 0 0 0
13 0 17 1 0 0 0
14 0 17 1 0 0 0
15 0 17 1 0 0 0
16 0 17 1 0 0 0
17 0 17 1 0 0 0
18 0 17 1 0 0 0
19 0 17 1 0 0 0
20 0 17 1 0 0 0
21 0 17 1 0 0 0
22 0 17 1 0 0 0
23 0 17 1 0 0 0
24 0 17 1 0 0 0
25 0 17 1 0 0 0
26 0 17 1 0 0 0
27 0 17 1 0 0 0
28 0 17 1 0 0 0
29 0 17 1 0 0 0
0 0 18 1 0 0 0
1 0 18 1 0 0 0
2 0 18 1 0 0 0
3 0 18 1 0 0 0
4 0 18 1 0 0 0
5 0 18 1 0 0 0
6 0 18 1 0 0 0
7 0 18 1 0 0 0
8 0 18 1 0 0 0
9 0 18 1 0 0 0
10 0 18 1 0 0 0
11 0 18 1 0 0 0
12 0 18 1 0 0 0
13 0 18 1 0 0 0
14 0 18 1 0 0 0
15 0 18 1 0 0 0
16 0 18 1 0 0 0
17 0 18 1 0 0 0
18 0 18 1 0 0 0
19 0 18 1 0 0 0
20 0 18 1 0 0 0
21 0 18 1 0 0 0
22 0 18 1 0 0 0
23 0 18 1 0 0 0
24 0 18 1 0 0 0
25 0 18 1 0 0 0
26 0 18 1 0 0 0
27 0 18 1 0 0 0
28 0 18 1 0 0 0
29 0 18 1 0 0 0
0 0 19 1 0 0 0
1 0 19 1 0 0 0
2 0 19 1 0 0 0
3 0 19 1 0 0 0
4 0 19 1 0 0 0
5 0 19 1 0 0 0
6 0 19 1 0 0 0
7 0 19 1 0 0 0
8 0 19 1 0 0 0
9 0 19 1 0 0 0
10 0 19 1 0 0 0
11 0 19 1 0 0 0
12 0 19 1 0 0 0
13 0 19 1 0 0 0
14 0 19 1 0 0 0
15 0 19 1 0 0 0
16 0 19 1 0 0 0
17 0 19 1 0 0 0
18 0 19 1 0 0 0
19 0 19 1 0 0 0
20 0 19 1 0 0 0
21 0 19 1 0 0 0
22 0 19 1 0 0 0
23 0 19 1 0 0 0
24 0 19 1 0 0 0
25 0 19 1 0 0 0
26 0 19 1 0 0 0
27 0 19 1 0 0 0
28 0 19 1 0 0 0
29 0 19 1 0 0 0
0 0 20 1 0 0 0
1 0 20 1 0 0 0
2 0 20 1 0 0 0
3 0 20 1 0 0 0
4 0 20 1 0 0 0
5 0 20 1 0 0 0
6 0 20 1 0 0 0
7 0 20 1 0 0 0
8 0 20 1 0 0 0
9 0 20 1 0 0 0
10 0 20 1 0 0 0
11 0 20 1 0 0 0
12 0 20 1 0 0 0
13 0 20 1 0 0 0
14 0 20 1 0 0 0
15 0 20 1 0 0 0
16 0 20 1 0 0 0
17 0 20 1 0 0 0
18 0 20 1 0 0 0
19 0 20 1 0 0 0
20 0 20 1 0 0 0
21 0 20 1 0 0 0
22 0 20 1 0 0 0
23 0 20 1 0 0 0
24 0 20 1 0 0 0
25 0 20 1 0 0 0
26 0 20 1 0 0 0
27 0 20 1 0 0 0
28 0 20 1 0 0 0
29 0 20 1 0 0 0
0 0 21 1 0 0 0
1 0 21 1 0 0 0
2 0 21 1 0 0 0
3 0 21 1 0 0 0
4 0 21 1 0 0 0
5 0 21 1 0 0 0
6 0 21 1 0 0 0
7 0 21 1 0 0 0
8 0 21 1 0 0 0
9 0 21 1 0 0 0
10 0 21 1 0 0 0
11 0 21 1 0 0 0
12 0 21 1 0 0 0
13 0 21 1 0 0 0
14 0 21 1 0 0 0
15 0 21 1 0 0 0
16 0 21 1 0 0 0
17 0 21 1 0 0 0
18 0 21 1 0 0 0
19 0 21 1 0 0 0
20 0 21 1 0 0 0
21 0 21 1 0 0 0
22 0 21 1 0 0 0
23 0 21 1 0 0 0
24 0 21 1 0 0 0
25 0 21 1 0 0 0
26 0 21 1 0 0 0
27 0 21 1 0 0 0
28 0 21 1 0 0 0
29 0 21 1 0 0 0
0 0 22 1 0 0 0
1 0 22 1 0 0 0
2 0 22 1 0 0 0
3 0 22 1 0 0 0
4 0 22 1 0 0 0
5 0 22 1 0 0 0
6 0 22 1 0 0 0
7 0 22 1 0 0 0
8 0 22 1 0 0 0
9 0 22 1 0 0 0
10 0 22 1 0 0 0
11 0 22 1 0 0 0
12 0 22 1 0 0 0
13 0 22 1 0 0 0
14 0 22 1 0 0 0
15 0 22 1 0 0 0
16 0 22 1 0 0 0
17 0 22 1 0 0 0
18 0 22 1 0 0 0
19 0 22 1 0 0 0
20 0 22 1 0 0 0
21 0 22 1 0 0 0
22 0 22 1 0 0 0
23 0 22 1 0 0 0
24 0 22 1 0 0 0
25 0 22 1 0 0 0
26 0 22 1 0 0 0
27 0 22 1 0 0 0
28 0 22 1 0 0 0
29 0 22 1 0 0 0
0 0 23 1 0 0 0
1 0 23 1 0 0 0
2 0 23 1 0 0 0
3 0 23 1 0 0 0
4 0 23 1 0 0 0
5 0 23 1 0 0 0
6 0 23 1 0 0 0
7 0 23 1 0 0 0
8 0 23 1 0 0 0
9 0 23 1 0 0 0
10 0 23 1 0 0 0
11 0 23 1 0 0 0
12 0 23 1 0 0 0
13 0 23 1 0 0 0
14 0 23 1 0 0 0
15 0 23 1 0 0 0
16 0 23 1 0 0 0
17 0 23 1 0 0 0
18 0 23 1 0 0 0
19 0 23 1 0 0 0
20 0 23 1 0 0 0
21 0 23 1 0 0 0
22 0 23 1 0 0 0
23 0 23 1 0 0 0
24 0 23 1 0 0 0
25 0 23 1 0 0 0
26 0 23 1 0 0 0
27 0 23 1 0 0 0
28 0 23 1 0 0 0
29 0 23 1 0 0 0
0 0 24 1 0 0 0
1 0 24 1 0 0 0
2 0 24 1 0 0 0
3 0 24 1 0 0 0
4 0 24 1 0 0 0
5 0 24 1 0 0 0
6 0 24 1 0 0 0
7 0 24 1 0 0 0
8 0 24 1 0 0 0
9 0 24 1 0 0 0
10 0 24 1 0 0 0
11 0 24 1 0 0 0
12 0 24 1 0 0 0
13 0 24 1 0 0 0
14 0 24 1 0 0 0
15 0 24 1 0 0 0
16 0 24 1 0 0 0
17 0 24 1 0 0 0
18 0 24 1 0 0 0
19 0 24 1 0 0 0
20 0 24 1 0 0 0
21 0 24 1 0 0 0
22 0 24 1 0 0 0
23 0 24 1 0 0 0
24 0 24 1 0 0 0
25 0 24 1 0 0 0
26 0 24 1 0 0 0
27 0 24 1 0 0 0
28 0 24 1 0 0 0
29 0 24 1 0 0 0
0 0 25 1 0 0 0
1 0 25 1 0 0 0
2 0 25 1 0 0 0
3 0 25 1 0 0 0
4 0 25 1 0 0 0
5 0 25 1 0 0 0
6 0 25 1 0 0 0
7 0 25 1 0 0 0
8 0 25 1 0 0 0
9 0 25 1 0 0 0
10 0 25 1 0 0 0
11 0 25 1 0 0 0
12 0 25 1 0 0 0
13 0 25 1 0 0 0
14 0 25 1 0 0 0
15 0 25 1 0 0 0
16 0 25 1 0 0 0
17 0 25 1 0 0 0
18 0 25 1 0 0 0
19 0 25 1 0 0 0
20 0 25 1 0 0 0
21 0 25 1 0 0 0
22 0 25 1 0 0 0
23 0 25 1 0 0 0
24 0 25 1 0 0 0
25 0 25 1 0 0 0
26 0 25 1 0 0 0
27 0 25 1 0 0 0
28 0 25 1 0 0 0
29 0 25 1 0 0 0
0 0 26 1 0 0 0
1 0 26 1 0 0 0
2 0 26 1 0 0 0
3 0 26 1 0 0 0
4 0 26 1 0 0 0
5 0 26 1 0 0 0
6 0 26 1 0 0 0
7 0 26 1 0 0 0
8 0 26 1 0 0 0
9 0 26 1 0 0 0
10 0 26 1 0 0 0
11 0 26 1 0 0 0
12 0 26 1 0 0 0
13 0 26 1 0 0 0
14 0 26 1 0 0 0
15 0 26 1 0 0 0
16 0 26 1 0 0 0
17 0 26 1 0 0 0
18 0 26 1 0 0 0
19 0 26 1 0 0 0
20 0 26 1 0 0 0
21 0 26 1 0 0 0
22 0 26 1 0 0 0
23 0 26 1 0 0 0
24 0 26 1 0 0 0
25 0 26 1 0 0 0
26 0 26 1 0 0 0
27 0 26 1 0 0 0
28 0 26 1 0 0 0
29 0 26 1 0 0 0
0 0 27 1 0 0 0
1 0 27 1 0 0 0
2 0 27 1 0 0 0
3 0 27 1 0 0 0
4 0 27 1 0 0 0
5 0 27 1 0 0 0
6 0 27 1 0 0 0
7 0 27 1 0 0 0
8 0 27 1 0 0 0
9 0 27 1 0 0 0
10 0 27 1 0 0 0
11 0 27 1 0 0 0
12 0 27 1 0 0 0
13 0 27 1 0 0 0
14 0 27 1 0 0 0
15 0 27 1 0 0 0
16 0 27 1 0 0 0
17 0 27 1 0 0 0
18 0 27 1 0 0 0
19 0 27 1 0 0 0
20 0 27 1 0 0 0
21 0 27 1 0 0 0
22 0 27 1 0 0 0
23 0 27 1 0 0 0
24 0 27 1 0 0 0
25 0 27 1 0 0 0
26 0 27 1 0 0 0
27 0 27 1 0 0 0
28 0 27 1 0 0 0
29 0 27 1 0 0 0
0 0 28 1 0 0 0
1 0 28 1 0 0 0
2 0 28 1 0 0 0
3 0 28 1 0 0 0
4 0 28 1 0 0 0
5 0 28 1 0 0 0
6 0 28 1 0 0 0
7 0 28 1 0 0 0
8 0 28 1 0 0 0
9 0 28 1 0 0 0
10 0 28 1 0 0 0
11 0 28 1 0 0 0
12 0 28 1 0 0 0
13 0 28 1 0 0 0
14 0 28 1 0 0 0
15 0 28 1 0 0 0
16 0 28 1 0 0 0
17 0 28 1 0 0 0
18 0 28 1 0 0 0
19 0 28 1 0 0 0
20 0 28 1 0 0 0
21 0 28 1 0 0 0
22 0 28 1 0 0 0
23 0 28 1 0 0 0
24 0 28 1 0 0 0
25 0 28 1 0 0 0
26 0 28 1 0 0 0
27 0 28 1 0 0 0
28 0 28 1 0 0 0
29 0 28 1 0 0 0
0 0 29 1 0 0 0
1 0 29 1 0 0 0
2 0 29 1 0 0 0
3 0 29 1 0 0 0
4 0 29 1 0 0 0
5 0 29 1 0 0 0
6 0 29 1 0 0 0
7 0 29 1 0 0 0
8 0 29 1 0 0 0
9 0 29 1 0 0 0
10 0 29 1 0 0 0
11 0 29 1 0 0 0
12 0 29 1 0 0 0
13 0 29 1 0 0 0
14 0 29 1 0 0 0
15 0 29 1 0 0 0
16 0 29 1 0 0 0
17 0 29 1 0 0 0
18 0 29 1 0 0 0
19 0 29 1 0 0 0
20 0 29 1 0 0 0
21 0 29 1 0 0 0
22 0 29 1 0 0 0
23 0 29 1 0 0 0
24 0 29 1 0 0 0
25 0 29 1 0 0 0
26 0 29 1 0 0 0
27 0 29 1 0 0 0
28 0 29 1 0 0 0
29 0 29 1 0 0 0
14 1 0 2 0 0 0
15 1 0 2 0 0 0
1 1 1 2 0 0 0
2 1 1 2 0 0 0
3 1 1 2 0 0 0
14 1 1 2 0 0 0
15 1 1 2 0 0 0
22 1 1 2 0 0 0
26 1 1 2 0 0 0
27 1 1 2 0 0 0
28 1 1 2 0 0 0
1 1 2 2 0 0 0
2 1 2 2 0 0 0
3 1 2 2 0 0 0
14 1 2 2 0 0 0
15 1 2 2 0 0 0
22 1 2 2 0 0 0
26 1 2 2 0 0 0
27 1 2 2 0 0 0
28 1 2 2 0 0 0
1 1 3 2 0 0 0
2 1 3 2 0 0 0
3 1 3 2 0 0 0
14 1 3 2 0 0 0
15 1 3 2 0 0 0
22 1 3 2 0 0 0
26 1 3 2 0 0 0
27 1 3 2 0 0 0
28 1 3 2 0 0 0
14 1 4 2 0 0 0
15 1 4 2 0 0 0
14 1 5 2 0 0 0
15 1 5 2 0 0 0
14 1 6 2 0 0 0
15 1 6 2 0 0 0
14 1 7 2 0 0 0
15 1 7 2 0 0 0
14 1 8 2 0 0 0
15 1 8 2 0 0 0
14 1 9 2 0 0 0
15 1 9 2 0 0 0
1 1 10 3 0 0 0
2 1 10 3 0 0 0
3 1 10 3 0 0 0
14 1 10 2 0 0 0
15 1 10 2 0 0 0
1 1 11 2 0 0 0
2 1 11 2 0 0 0
3 1 11 2 0 0 0
12 1 11 15 0 0 0
13 1 11 15 0 0 0
14 1 11 2 0 0 0
15 1 11 2 0 0 0
11 1 12 15 0 0 0
12 1 12 8 0 0 1
12 1 12
13 1 12 2 0 0 0
14 1 12 2 0 0 0
15 1 12 2 0 0 0
16 1 12 2 0 0 0
11 1 13 15 0 0 0
12 1 13 2 0 0 0
13 1 13 2 0 0 0
14 1 13 2 0 0 0
15 1 13 2 0 0 0
16 1 13 2 0 0 0
17 1 13 2 0 0 0
0 1 14 2 0 0 0
1 1 14 2 0 0 0
2 1 14 2 0 0 0
3 1 14 2 0 0 0
4 1 14 2 0 0 0
5 1 14 2 0 0 0
6 1 14 2 0 0 0
7 1 14 2 0 0 0
8 1 14 2 0 0 0
9 1 14 2 0 0 0
10 1 14 2 0 0 0
11 1 14 2 0 0 0
12 1 14 2 0 0 0
13 1 14 2 0 0 0
14 1 14 2 0 0 0
15 1 14 2 0 0 0
16 1 14 2 0 0 0
17 1 14 2 0 0 0
18 1 14 2 0 0 0
19 1 14 2 0 0 0
20 1 14 2 0 0 0
21 1 14 2 0 0 0
22 1 14 2 0 0 0
23 1 14 2 0 0 0
24 1 14 2 0 0 0
25 1 14 2 0 0 0
26 1 14 2 0 0 0
27 1 14 2 0 0 0
28 1 14 2 0 0 0
29 1 14 2 0 0 0
0 1 15 2 0 0 0
1 1 15 2 0 0 0
2 1 15 2 0 0 0
3 1 15 2 0 0 0
4 1 15 2 0 0 0
5 1 15 2 0 0 0
6 1 15 2 0 0 0
7 1 15 2 0 0 0
8 1 15 2 0 0 0
9 1 15 2 0 0 0
10 1 15 2 0 0 0
11 1 15 2 0 0 0
12 1 15 2 0 0 0
13 1 15 2 0 0 0
14 1 15 2 0 0 0
15 1 15 2 0 0 0
16 1 15 2 0 0 0
17 1 15 2 0 0 0
18 1 15 2 0 0 0
19 1 15 2 0 0 0
20 1 15 2 0 0 0
21 1 15 2 0 0 0
22 1 15 2 0 0 0
23 1 15 2 0 0 0
24 1 15 2 0 0 0
25 1 15 2 0 0 0
26 1 15 2 0 0 0
27 1 15 2 0 0 0
28 1 15 2 0 0 0
29 1 15 2 0 0 0
12 1 16 2 0 0 0
13 1 16 2 0 0 0
14 1 16 2 0 0 0
15 1 16 2 0 0 0
16 1 16 2 0 0 0
17 1 16 2 0 0 0
19 1 16 10 0 0 1
13 1 17 2 0 0 0
14 1 17 2 0 0 0
15 1 17 2 0 0 0
16 1 17 2 0 0 0
17 1 17 8 0 0 3
17 1 17
19 1 17 10 0 0 1
14 1 18 2 0 0 0
15 1 18 2 0 0 0
18 1 18 10 0 0 1
14 1 19 2 0 0 0
15 1 19 2 0 0 0
16 1 19 10 0 0 1
17 1 19 10 0 0 1
14 1 20 2 0 0 0
15 1 20 2 0 0 0
14 1 21 2 0 0 0
15 1 21 2 0 0 0
14 1 22 2 0 0 0
15 1 22 2 0 0 0
14 1 23 2 0 0 0
15 1 23 2 0 0 0
27 1 23 22 0 0 10
5 1 24 24 0 0 0
6 1 24 24 0 0 0
7 1 24 24 0 0 0
14 1 24 2 0 0 0
15 1 24 2 0 0 0
14 1 25 2 0 0 0
15 1 25 2 0 0 0
1 1 26 2 0 0 0
2 1 26 2 0 0 0
3 1 26 2 0 0 0
14 1 26 2 0 0 0
15 1 26 2 0 0 0
26 1 26 2 0 0 0
27 1 26 2 0 0 0
28 1 26 2 0 0 0
1 1 27 2 0 0 0
2 1 27 2 0 0 0
3 1 27 2 0 0 0
11 1 27 25 0 0 0
12 1 27 25 0 0 0
13 1 27 25 0 0 0
14 1 27 2 0 0 0
15 1 27 2 0 0 0
26 1 27 2 0 0 0
27 1 27 2 0 0 0
28 1 27 2 0 0 0
1 1 28 2 0 0 0
2 1 28 2 0 0 0
3 1 28 2 0 0 0
14 1 28 2 0 0 0
15 1 28 2 0 0 0
26 1 28 2 0 0 0
27 1 28 2 0 0 0
28 1 28 2 0 0 0
14 1 29 2 0 0 0
15 1 29 2 0 0 0
14 2 0 2 0 0 0
15 2 0 2 0 0 0
14 2 1 2 0 0 0
15 2 1 2 0 0 0
19 2 1 11 0 0 0
20 2 1 11 0 0 0
21 2 1 11 0 0 0
2 2 2 7 0 0 0
14 2 2 2 0 0 0
15 2 2 2 0 0 0
19 2 2 11 0 0 0
20 2 2 11 0 0 0
21 2 2 11 0 0 0
27 2 2 21 0 0 0
14 2 3 2 0 0 0
15 2 3 2 0 0 0
19 2 3 11 0 0 0
20 2 3 11 0 0 0
21 2 3 11 0 0 0
14 2 4 2 0 0 0
15 2 4 2 0 0 0
14 2 5 2 0 0 0
15 2 5 2 0 0 0
14 2 6 2 0 0 0
15 2 6 2 0 0 0
14 2 7 2 0 0 0
15 2 7 2 0 0 0
14 2 8 2 0 0 0
15 2 8 2 0 0 0
14 2 9 2 0 0 0
15 2 9 2 0 0 0
1 2 10 3 0 0 0
2 2 10 3 0 0 0
3 2 10 3 0 0 0
14 2 10 2 0 0 0
15 2 10 2 0 0 0
1 2 11 2 0 0 0
2 2 11 2 0 0 0
3 2 11 2 0 0 0
12 2 11 15 0 0 0
13 2 11 15 0 0 0
14 2 11 2 0 0 0
15 2 11 2 0 0 0
11 2 12 15 0 0 0
13 2 12 2 0 0 0
16 2 12 2 0 0 0
11 2 13 15 0 0 0
12 2 13 2 0 0 0
17 2 13 2 0 0 0
0 2 14 2 0 0 0
1 2 14 2 0 0 0
2 2 14 2 0 0 0
3 2 14 2 0 0 0
4 2 14 2 0 0 0
5 2 14 2 0 0 0
6 2 14 2 0 0 0
7 2 14 2 0 0 0
8 2 14 2 0 0 0
9 2 14 2 0 0 0
10 2 14 2 0 0 0
11 2 14 2 0 0 0
18 2 14 2 0 0 0
19 2 14 2 0 0 0
20 2 14 2 0 0 0
21 2 14 2 0 0 0
22 2 14 2 0 0 0
23 2 14 2 0 0 0
24 2 14 2 0 0 0
25 2 14 2 0 0 0
26 2 14 2 0 0 0
27 2 14 2 0 0 0
28 2 14 2 0 0 0
29 2 14 2 0 0 0
0 2 15 2 0 0 0
1 2 15 2 0 0 0
2 2 15 2 0 0 0
3 2 15 2 0 0 0
4 2 15 2 0 0 0
5 2 15 2 0 0 0
6 2 15 2 0 0 0
7 2 15 2 0 0 0
8 2 15 2 0 0 0
9 2 15 2 0 0 0
10 2 15 2 0 0 0
11 2 15 2 0 0 0
18 2 15 2 0 0 0
19 2 15 2 0 0 0
20 2 15 2 0 0 0
21 2 15 2 0 0 0
22 2 15 2 0 0 0
23 2 15 2 0 0 0
24 2 15 2 0 0 0
25 2 15 2 0 0 0
26 2 15 2 0 0 0
27 2 15 2 0 0 0
28 2 15 2 0 0 0
29 2 15 2 0 0 0
12 2 16 2 0 0 0
17 2 16 2 0 0 0
18 2 16 10 0 0 1
19 2 16 10 0 0 1
13 2 17 2 0 0 0
16 2 17 2 0 0 0
18 2 17 10 0 0 1
19 2 17 10 0 0 1
14 2 18 2 0 0 0
15 2 18 2 0 0 0
16 2 18 10 0 0 1
17 2 18 10 0 0 1
18 2 18 10 0 0 1
14 2 19 2 0 0 0
15 2 19 2 0 0 0
16 2 19 10 0 0 1
17 2 19 10 0 0 1
14 2 20 2 0 0 0
15 2 20 2 0 0 0
14 2 21 2 0 0 0
15 2 21 2 0 0 0
25 2 21 22 0 0 11
14 2 22 2 0 0 0
15 2 22 2 0 0 0
5 2 23 24 0 0 0
6 2 23 24 0 0 0
7 2 23 24 0 0 0
14 2 23 2 0 0 0
15 2 23 2 0 0 0
14 2 24 2 0 0 0
15 2 24 2 0 0 0
14 2 25 2 0 0 0
15 2 25 2 0 0 0
11 2 26 25 0 0 0
12 2 26 25 0 0 0
13 2 26 25 0 0 0
14 2 26 2 0 0 0
15 2 26 2 0 0 0
2 2 27 21 0 0 0
14 2 27 2 0 0 0
15 2 27 2 0 0 0
27 2 27 21 0 0 0
14 2 28 2 0 0 0
15 2 28 2 0 0 0
14 2 29 2 0 0 0
15 2 29 2 0 0 0
14 3 0 2 0 0 0
15 3 0 2 0 0 0
14 3 1 2 0 0 0
15 3 1 2 0 0 0
14 3 2 2 0 0 0
15 3 2 2 0 0 0
14 3 3 2 0 0 0
15 3 3 2 0 0 0
14 3 4 2 0 0 0
15 3 4 2 0 0 0
14 3 5 2 0 0 0
15 3 5 2 0 0 0
19 3 5 13 0 0 658705
20 3 5 13 0 0 658705
21 3 5 13 0 0 658705
14 3 6 2 0 0 0
15 3 6 2 0 0 0
19 3 6 13 0 0 658705
20 3 6 13 0 0 658705
21 3 6 13 0 0 658705
14 3 7 2 0 0 0
15 3 7 2 0 0 0
19 3 7 13 0 0 658705
20 3 7 13 0 0 658705
21 3 7 13 0 0 658705
14 3 8 2 0 0 0
15 3 8 2 0 0 0
14 3 9 2 0 0 0
15 3 9 2 0 0 0
1 3 10 3 0 0 0
2 3 10 3 0 0 0
3 3 10 3 0 0 0
14 3 10 2 0 0 0
15 3 10 2 0 0 0
1 3 11 2 0 0 0
2 3 11 2 0 0 0
3 3 11 2 0 0 0
12 3 11 15 0 0 0
13 3 11 15 0 0 0
14 3 11 2 0 0 0
15 3 11 2 0 0 0
11 3 12 15 0 0 0
12 3 12 15 0 0 0
13 3 12 2 0 0 0
16 3 12 2 0 0 0
11 3 13 15 0 0 0
12 3 13 2 0 0 0
17 3 13 2 0 0 0
0 3 14 2 0 0 0
1 3 14 2 0 0 0
2 3 14 2 0 0 0
3 3 14 2 0 0 0
4 3 14 2 0 0 0
5 3 14 2 0 0 0
6 3 14 2 0 0 0
7 3 14 2 0 0 0
8 3 14 2 0 0 0
9 3 14 2 0 0 0
10 3 14 2 0 0 0
11 3 14 2 0 0 0
18 3 14 2 0 0 0
19 3 14 2 0 0 0
20 3 14 2 0 0 0
21 3 14 2 0 0 0
22 3 14 2 0 0 0
23 3 14 2 0 0 0
24 3 14 2 0 0 0
25 3 14 2 0 0 0
26 3 14 2 0 0 0
27 3 14 2 0 0 0
28 3 14 2 0 0 0
29 3 14 2 0 0 0
0 3 15 2 0 0 0
1 3 15 2 0 0 0
2 3 15 2 0 0 0
3 3 15 2 0 0 0
4 3 15 2 0 0 0
5 3 15 2 0 0 0
6 3 15 2 0 0 0
7 3 15 2 0 0 0
8 3 15 2 0 0 0
9 3 15 2 0 0 0
10 3 15 2 0 0 0
11 3 15 2 0 0 0
18 3 15 2 0 0 0
19 3 15 2 0 0 0
20 3 15 2 0 0 0
21 3 15 2 0 0 0
22 3 15 2 0 0 0
23 3 15 2 0 0 0
24 3 15 2 0 0 0
25 3 15 2 0 0 0
26 3 15 2 0 0 0
27 3 15 2 0 0 0
28 3 15 2 0 0 0
29 3 15 2 0 0 0
12 3 16 2 0 0 0
17 3 16 2 0 0 0
18 3 16 10 0 0 1
1 3 17 24 0 0 0
2 3 17 24 0 0 0
3 3 17 24 0 0 0
13 3 17 2 0 0 0
16 3 17 2 0 0 0
17 3 17 10 0 0 1
18 3 17 10 0 0 1
1 3 18 24 0 0 0
2 3 18 24 0 0 0
3 3 18 24 0 0 0
14 3 18 2 0 0 0
15 3 18 2 0 0 0
16 3 18 10 0 0 1
17 3 18 10 0 0 1
1 3 19 24 0 0 0
2 3 19 24 0 0 0
3 3 19 24 0 0 0
11 3 19 2 0 0 0
12 3 19 2 0 0 0
13 3 19 2 0 0 0
14 3 19 2 0 0 0
15 3 19 2 0 0 0
14 3 20 2 0 0 0
15 3 20 2 0 0 0
14 3 21 2 0 0 0
15 3 21 2 0 0 0
23 3 21 22 0 0 12
5 3 22 24 0 0 0
6 3 22 24 0 0 0
7 3 22 24 0 0 0
14 3 22 2 0 0 0
15 3 22 2 0 0 0
14 3 23 2 0 0 0
15 3 23 2 0 0 0
11 3 24 12 0 0 0
12 3 24 12 0 0 0
13 3 24 12 0 0 0
14 3 24 2 0 0 0
15 3 24 2 0 0 0
11 3 25 25 0 0 0
12 3 25 25 0 0 0
13 3 25 25 0 0 0
14 3 25 2 0 0 0
15 3 25 2 0 0 0
14 3 26 2 0 0 0
15 3 26 2 0 0 0
14 3 27 2 0 0 0
15 3 27 2 0 0 0
14 3 28 2 0 0 0
15 3 28 2 0 0 0
14 3 29 2 0 0 0
15 3 29 2 0 0 0
14 4 0 2 0 0 0
15 4 0 2 0 0 0
14 4 1 2 0 0 0
15 4 1 2 0 0 0
14 4 2 2 0 0 0
15 4 2 2 0 0 0
27 4 2 8 0 0 1
27 4 2
14 4 3 2 0 0 0
15 4 3 2 0 0 0
14 4 4 2 0 0 0
15 4 4 2 0 0 0
14 4 5 2 0 0 0
15 4 5 2 0 0 0
14 4 6 2 0 0 0
15 4 6 2 0 0 0
14 4 7 2 0 0 0
15 4 7 2 0 0 0
14 4 8 2 0 0 0
15 4 8 2 0 0 0
14 4 9 2 0 0 0
15 4 9 2 0 0 0
1 4 10 3 0 0 0
2 4 10 3 0 0 0
3 4 10 3 0 0 0
14 4 10 2 0 0 0
15 4 10 2 0 0 0
1 4 11 2 0 0 0
2 4 11 2 0 0 0
3 4 11 2 0 0 0
7 4 11 3 0 1.5708 0
8 4 11 2 0 0 0
14 4 11 2 0 0 0
15 4 11 2 0 0 0
1 4 12 2 0 0 0
2 4 12 2 0 0 0
3 4 12 2 0 0 0
7 4 12 3 0 1.5708 0
8 4 12 2 0 0 0
13 4 12 2 0 0 0
16 4 12 2 0 0 0
1 4 13 2 0 0 0
2 4 13 2 0 0 0
3 4 13 2 0 0 0
7 4 13 3 0 1.5708 0
8 4 13 2 0 0 0
12 4 13 2 0 0 0
17 4 13 2 0 0 0
0 4 14 2 0 0 0
1 4 14 2 0 0 0
2 4 14 2 0 0 0
3 4 14 2 0 0 0
4 4 14 2 0 0 0
5 4 14 2 0 0 0
6 4 14 2 0 0 0
7 4 14 2 0 0 0
8 4 14 2 0 0 0
9 4 14 2 0 0 0
10 4 14 2 0 0 0
11 4 14 2 0 0 0
18 4 14 2 0 0 0
19 4 14 2 0 0 0
20 4 14 2 0 0 0
21 4 14 2 0 0 0
22 4 14 2 0 0 0
23 4 14 2 0 0 0
24 4 14 2 0 0 0
25 4 14 2 0 0 0
26 4 14 2 0 0 0
27 4 14 2 0 0 0
28 4 14 2 0 0 0
29 4 14 2 0 0 0
0 4 15 2 0 0 0
1 4 15 2 0 0 0
2 4 15 2 0 0 0
3 4 15 2 0 0 0
4 4 15 2 0 0 0
5 4 15 2 0 0 0
6 4 15 2 0 0 0
7 4 15 2 0 0 0
8 4 15 2 0 0 0
9 4 15 2 0 0 0
10 4 15 2 0 0 0
11 4 15 2 0 0 0
18 4 15 2 0 0 0
19 4 15 2 0 0 0
20 4 15 2 0 0 0
21 4 15 2 0 0 0
22 4 15 2 0 0 0
23 4 15 2 0 0 0
24 4 15 2 0 0 0
25 4 15 2 0 0 0
26 4 15 2 0 0 0
27 4 15 2 0 0 0
28 4 15 2 0 0 0
29 4 15 2 0 0 0
12 4 16 2 0 0 0
17 4 16 2 0 0 0
13 4 17 2 0 0 0
16 4 17 2 0 0 0
14 4 18 2 0 0 0
15 4 18 2 0 0 0
11 4 19 2 0 0 0
12 4 19 2 0 0 0
13 4 19 2 0 0 0
14 4 19 2 0 0 0
15 4 19 2 0 0 0
21 4 19 22 0 0 13
0 4 20 13 0 0 920847
1 4 20 13 0 0 920847
2 4 20 13 0 0 920847
14 4 20 2 0 0 0
15 4 20 2 0 0 0
0 4 21 13 0 0 920847
1 4 21 13 0 0 920847
2 4 21 13 0 0 920847
14 4 21 2 0 0 0
15 4 21 2 0 0 0
0 4 22 13 0 0 920847
1 4 22 13 0 0 920847
2 4 22 13 0 0 920847
14 4 22 2 0 0 0
15 4 22 2 0 0 0
20 4 22 22 0 0 14
14 4 23 2 0 0 0
15 4 23 2 0 0 0
14 4 24 2 0 0 0
15 4 24 2 0 0 0
14 4 25 2 0 0 0
15 4 25 2 0 0 0
14 4 26 2 0 0 0
15 4 26 2 0 0 0
2 4 27 8 0 0 3
2 4 27
14 4 27 2 0 0 0
15 4 27 2 0 0 0
27 4 27 8 0 0 2
27 4 27
14 4 28 2 0 0 0
15 4 28 2 0 0 0
14 4 29 2 0 0 0
15 4 29 2 0 0 0
14 5 0 2 0 0 0
15 5 0 2 0 0 0
14 5 1 2 0 0 0
15 5 1 2 0 0 0
14 5 2 2 0 0 0
15 5 2 2 0 0 0
14 5 3 2 0 0 0
15 5 3 2 0 0 0
14 5 4 2 0 0 0
15 5 4 2 0 0 0
14 5 5 2 0 0 0
15 5 5 2 0 0 0
14 5 6 2 0 0 0
15 5 6 2 0 0 0
14 5 7 2 0 0 0
15 5 7 2 0 0 0
14 5 8 2 0 0 0
15 5 8 2 0 0 0
14 5 9 2 0 0 0
15 5 9 2 0 0 0
14 5 10 2 0 0 0
15 5 10 2 0 0 0
7 5 11 3 0 1.5708 0
8 5 11 2 0 0 0
14 5 11 2 0 0 0
15 5 11 2 0 0 0
7 5 12 3 0 1.5708 0
8 5 12 2 0 0 0
13 5 12 2 0 0 0
16 5 12 2 0 0 0
7 5 13 3 0 1.5708 0
8 5 13 2 0 0 0
12 5 13 2 0 0 0
17 5 13 2 0 0 0
0 5 14 2 0 0 0
1 5 14 2 0 0 0
2 5 14 2 0 0 0
3 5 14 2 0 0 0
4 5 14 2 0 0 0
5 5 14 2 0 0 0
6 5 14 2 0 0 0
7 5 14 2 0 0 0
8 5 14 2 0 0 0
9 5 14 2 0 0 0
10 5 14 2 0 0 0
11 5 14 2 0 0 0
18 5 14 2 0 0 0
19 5 14 2 0 0 0
20 5 14 2 0 0 0
21 5 14 2 0 0 0
22 5 14 2 0 0 0
23 5 14 2 0 0 0
24 5 14 2 0 0 0
25 5 14 2 0 0 0
26 5 14 2 0 0 0
27 5 14 2 0 0 0
28 5 14 2 0 0 0
29 5 14 2 0 0 0
0 5 15 2 0 0 0
1 5 15 2 0 0 0
2 5 15 2 0 0 0
3 5 15 2 0 0 0
4 5 15 2 0 0 0
5 5 15 2 0 0 0
6 5 15 2 0 0 0
7 5 15 2 0 0 0
8 5 15 2 0 0 0
9 5 15 2 0 0 0
10 5 15 2 0 0 0
11 5 15 2 0 0 0
18 5 15 2 0 0 0
19 5 15 2 0 0 0
20 5 15 2 0 0 0
21 5 15 2 0 0 0
22 5 15 2 0 0 0
23 5 15 2 0 0 0
24 5 15 2 0 0 0
25 5 15 2 0 0 0
26 5 15 2 0 0 0
27 5 15 2 0 0 0
28 5 15 2 0 0 0
29 5 15 2 0 0 0
12 5 16 2 0 0 0
17 5 16 2 0 0 0
11 5 17 2 0 0 0
12 5 17 2 0 0 0
13 5 17 2 0 0 0
16 5 17 2 0 0 0
11 5 18 2 0 0 0
12 5 18 2 0 0 0
13 5 18 2 0 0 0
14 5 18 2 0 0 0
15 5 18 2 0 0 0
11 5 19 2 0 0 0
12 5 19 2 0 0 0
13 5 19 2 0 0 0
14 5 19 2 0 0 0
15 5 19 2 0 0 0
14 5 20 2 0 0 0
15 5 20 2 0 0 0
14 5 21 2 0 0 0
15 5 21 2 0 0 0
14 5 22 2 0 0 0
15 5 22 2 0 0 0
14 5 23 2 0 0 0
15 5 23 2 0 0 0
14 5 24 2 0 0 0
15 5 24 2 0 0 0
22 5 24 22 0 0 15
14 5 25 2 0 0 0
15 5 25 2 0 0 0
14 5 26 2 0 0 0
15 5 26 2 0 0 0
14 5 27 2 0 0 0
15 5 27 2 0 0 0
22 5 27 22 0 0 16
14 5 28 2 0 0 0
15 5 28 2 0 0 0
14 5 29 2 0 0 0
15 5 29 2 0 0 0
14 6 0 2 0 0 0
15 6 0 2 0 0 0
14 6 1 2 0 0 0
15 6 1 2 0 0 0
26 6 1 2 0 0 0
27 6 1 2 0 0 0
28 6 1 2 0 0 0
14 6 2 2 0 0 0
15 6 2 2 0 0 0
26 6 2 2 0 0 0
27 6 2 2 0 0 0
28 6 2 2 0 0 0
14 6 3 2 0 0 0
15 6 3 2 0 0 0
26 6 3 2 0 0 0
27 6 3 2 0 0 0
28 6 3 2 0 0 0
14 6 4 2 0 0 0
15 6 4 2 0 0 0
14 6 5 2 0 0 0
15 6 5 2 0 0 0
8 6 6 2 0 0 0
9 6 6 2 0 0 0
10 6 6 2 0 0 0
14 6 6 2 0 0 0
15 6 6 2 0 0 0
8 6 7 3 0 0 0
9 6 7 3 0 0 0
10 6 7 3 0 0 0
14 6 7 2 0 0 0
15 6 7 2 0 0 0
14 6 8 2 0 0 0
15 6 8 2 0 0 0
14 6 9 2 0 0 0
15 6 9 2 0 0 0
14 6 10 2 0 0 0
15 6 10 2 0 0 0
7 6 11 3 0 1.5708 0
8 6 11 2 0 0 0
14 6 11 2 0 0 0
15 6 11 2 0 0 0
7 6 12 3 0 1.5708 0
8 6 12 2 0 0 0
13 6 12 2 0 0 0
16 6 12 2 0 0 0
7 6 13 3 0 1.5708 0
8 6 13 2 0 0 0
12 6 13 2 0 0 0
17 6 13 2 0 0 0
0 6 14 2 0 0 0
1 6 14 2 0 0 0
2 6 14 2 0 0 0
3 6 14 2 0 0 0
4 6 14 2 0 0 0
5 6 14 2 0 0 0
6 6 14 2 0 0 0
7 6 14 2 0 0 0
8 6 14 2 0 0 0
9 6 14 2 0 0 0
10 6 14 2 0 0 0
11 6 14 2 0 0 0
18 6 14 2 0 0 0
19 6 14 2 0 0 0
20 6 14 2 0 0 0
21 6 14 2 0 0 0
22 6 14 2 0 0 0
23 6 14 2 0 0 0
24 6 14 2 0 0 0
25 6 14 2 0 0 0
26 6 14 2 0 0 0
27 6 14 2 0 0 0
28 6 14 2 0 0 0
29 6 14 2 0 0 0
0 6 15 2 0 0 0
1 6 15 2 0 0 0
2 6 15 2 0 0 0
3 6 15 2 0 0 0
4 6 15 2 0 0 0
5 6 15 2 0 0 0
6 6 15 2 0 0 0
7 6 15 2 0 0 0
8 6 15 2 0 0 0
9 6 15 2 0 0 0
10 6 15 2 0 0 0
11 6 15 2 0 0 0
18 6 15 2 0 0 0
19 6 15 2 0 0 0
20 6 15 2 0 0 0
21 6 15 2 0 0 0
22 6 15 2 0 0 0
23 6 15 2 0 0 0
24 6 15 2 0 0 0
25 6 15 2 0 0 0
26 6 15 2 0 0 0
27 6 15 2 0 0 0
28 6 15 2 0 0 0
29 6 15 2 0 0 0
12 6 16 2 0 0 0
17 6 16 2 0 0 0
13 6 17 2 0 0 0
16 6 17 2 0 0 0
12 6 18 5 0 0 262146
14 6 18 2 0 0 0
15 6 18 2 0 0 0
14 6 19 2 0 0 0
15 6 19 2 0 0 0
14 6 20 2 0 0 0
15 6 20 2 0 0 0
14 6 21 2 0 0 0
15 6 21 2 0 0 0
14 6 22 2 0 0 0
15 6 22 2 0 0 0
14 6 23 2 0 0 0
15 6 23 2 0 0 0
27 6 23 22 0 0 20
14 6 24 2 0 0 0
15 6 24 2 0 0 0
14 6 25 2 0 0 0
15 6 25 2 0 0 0
1 6 26 2 0 0 0
2 6 26 2 0 0 0
3 6 26 2 0 0 0
14 6 26 2 0 0 0
15 6 26 2 0 0 0
26 6 26 2 0 0 0
27 6 26 2 0 0 0
28 6 26 2 0 0 0
1 6 27 2 0 0 0
2 6 27 2 0 0 0
3 6 27 2 0 0 0
14 6 27 2 0 0 0
15 6 27 2 0 0 0
24 6 27 22 0 0 17
26 6 27 2 0 0 0
27 6 27 2 0 0 0
28 6 27 2 0 0 0
1 6 28 2 0 0 0
2 6 28 2 0 0 0
3 6 28 2 0 0 0
14 6 28 2 0 0 0
15 6 28 2 0 0 0
26 6 28 2 0 0 0
27 6 28 2 0 0 0
28 6 28 2 0 0 0
14 6 29 2 0 0 0
15 6 29 2 0 0 0
14 7 0 2 0 0 0
15 7 0 2 0 0 0
14 7 1 2 0 0 0
15 7 1 2 0 0 0
24 7 1 11 0 0 0
14 7 2 2 0 0 0
15 7 2 2 0 0 0
24 7 2 11 0 0 0
14 7 3 2 0 0 0
15 7 3 2 0 0 0
24 7 3 11 0 0 0
14 7 4 2 0 0 0
15 7 4 2 0 0 0
14 7 5 2 0 0 0
15 7 5 2 0 0 0
8 7 6 2 0 0 0
9 7 6 2 0 0 0
10 7 6 2 0 0 0
14 7 6 2 0 0 0
15 7 6 2 0 0 0
8 7 7 3 0 0 0
9 7 7 3 0 0 0
10 7 7 3 0 0 0
14 7 7 2 0 0 0
15 7 7 2 0 0 0
14 7 8 2 0 0 0
15 7 8 2 0 0 0
14 7 9 2 0 0 0
15 7 9 2 0 0 0
14 7 10 2 0 0 0
15 7 10 2 0 0 0
7 7 11 3 0 1.5708 0
8 7 11 2 0 0 0
9 7 11 2 0 0 0
10 7 11 2 0 0 0
14 7 11 2 0 0 0
15 7 11 2 0 0 0
7 7 12 3 0 1.5708 0
8 7 12 2 0 0 0
9 7 12 2 0 0 0
10 7 12 2 0 0 0
13 7 12 2 0 0 0
16 7 12 2 0 0 0
7 7 13 3 0 1.5708 0
8 7 13 2 0 0 0
9 7 13 2 0 0 0
10 7 13 2 0 0 0
12 7 13 2 0 0 0
17 7 13 2 0 0 0
0 7 14 2 0 0 0
1 7 14 2 0 0 0
2 7 14 2 0 0 0
3 7 14 2 0 0 0
4 7 14 2 0 0 0
5 7 14 2 0 0 0
6 7 14 2 0 0 0
7 7 14 2 0 0 0
8 7 14 2 0 0 0
9 7 14 2 0 0 0
10 7 14 2 0 0 0
11 7 14 2 0 0 0
18 7 14 2 0 0 0
19 7 14 2 0 0 0
20 7 14 2 0 0 0
21 7 14 2 0 0 0
22 7 14 2 0 0 0
23 7 14 2 0 0 0
24 7 14 2 0 0 0
25 7 14 2 0 0 0
26 7 14 2 0 0 0
27 7 14 2 0 0 0
28 7 14 2 0 0 0
29 7 14 2 0 0 0
0 7 15 2 0 0 0
1 7 15 2 0 0 0
2 7 15 2 0 0 0
3 7 15 2 0 0 0
4 7 15 2 0 0 0
5 7 15 2 0 0 0
6 7 15 2 0 0 0
7 7 15 2 0 0 0
8 7 15 2 0 0 0
9 7 15 2 0 0 0
10 7 15 2 0 0 0
11 7 15 2 0 0 0
18 7 15 2 0 0 0
19 7 15 2 0 0 0
20 7 15 2 0 0 0
21 7 15 2 0 0 0
22 7 15 2 0 0 0
23 7 15 2 0 0 0
24 7 15 2 0 0 0
25 7 15 2 0 0 0
26 7 15 2 0 0 0
27 7 15 2 0 0 0
28 7 15 2 0 0 0
29 7 15 2 0 0 0
12 7 16 2 0 0 0
17 7 16 2 0 0 0
13 7 17 2 0 0 0
16 7 17 2 0 0 0
22 7 17 22 0 0 24
25 7 17 22 0 0 23
14 7 18 2 0 0 0
15 7 18 2 0 0 0
14 7 19 2 0 0 4
15 7 19 2 0 0 0
19 7 19 22 0 0 25
27 7 19 22 0 0 22
14 7 20 2 0 0 4
15 7 20 2 0 0 0
14 7 21 2 0 0 4
15 7 21 2 0 0 0
27 7 21 22 0 0 21
14 7 22 2 0 0 0
15 7 22 2 0 0 0
18 7 22 22 0 0 26
14 7 23 2 0 0 0
15 7 23 2 0 0 0
14 7 24 2 0 0 0
15 7 24 2 0 0 0
14 7 25 2 0 0 0
15 7 25 2 0 0 0
14 7 26 2 0 0 0
15 7 26 2 0 0 0
10 7 27 2 0 0 0
11 7 27 2 0 0 0
12 7 27 2 0 0 0
14 7 27 2 0 0 0
15 7 27 2 0 0 0
10 7 28 2 0 0 0
11 7 28 2 0 0 0
12 7 28 2 0 0 0
14 7 28 2 0 0 0
15 7 28 2 0 0 0
10 7 29 2 0 0 0
11 7 29 2 0 0 0
12 7 29 2 0 0 0
14 7 29 2 0 0 0
15 7 29 2 0 0 0
14 8 0 2 0 0 0
15 8 0 2 0 0 0
14 8 1 2 0 0 0
15 8 1 2 0 0 0
21 8 1 11 0 0 0
22 8 1 11 0 0 0
23 8 1 11 0 0 0
14 8 2 2 0 0 0
15 8 2 2 0 0 0
21 8 2 11 0 0 0
22 8 2 11 0 0 0
23 8 2 11 0 0 0
14 8 3 2 0 0 0
15 8 3 2 0 0 0
21 8 3 11 0 0 0
22 8 3 11 0 0 0
23 8 3 11 0 0 0
14 8 4 2 0 0 0
15 8 4 2 0 0 0
14 8 5 2 0 0 0
15 8 5 2 0 0 0
8 8 6 2 0 0 0
9 8 6 2 0 0 0
10 8 6 2 0 0 0
14 8 6 2 0 0 0
15 8 6 2 0 0 0
21 8 6 13 0 0 789514
22 8 6 13 0 0 789514
23 8 6 13 0 0 789514
8 8 7 3 0 0 0
9 8 7 3 0 0 0
10 8 7 3 0 0 0
14 8 7 2 0 0 0
15 8 7 2 0 0 0
21 8 7 13 0 0 789514
22 8 7 13 0 0 789514
23 8 7 13 0 0 789514
14 8 8 2 0 0 0
15 8 8 2 0 0 0
21 8 8 13 0 0 789514
22 8 8 13 0 0 789514
23 8 8 13 0 0 789514
14 8 9 2 0 0 0
15 8 9 2 0 0 0
14 8 10 2 0 0 0
15 8 10 2 0 0 0
14 8 11 2 0 0 0
15 8 11 2 0 0 0
13 8 12 2 0 0 0
16 8 12 2 0 0 0
12 8 13 2 0 0 0
17 8 13 2 0 0 0
0 8 14 2 0 0 0
1 8 14 2 0 0 0
2 8 14 2 0 0 0
3 8 14 2 0 0 0
4 8 14 2 0 0 0
5 8 14 2 0 0 0
6 8 14 2 0 0 0
7 8 14 2 0 0 0
8 8 14 2 0 0 0
9 8 14 2 0 0 0
10 8 14 2 0 0 0
11 8 14 2 0 0 0
18 8 14 2 0 0 0
19 8 14 2 0 0 0
20 8 14 2 0 0 0
21 8 14 2 0 0 0
22 8 14 2 0 0 0
23 8 14 2 0 0 0
24 8 14 2 0 0 0
25 8 14 2 0 0 0
26 8 14 2 0 0 0
27 8 14 2 0 0 0
28 8 14 2 0 0 0
29 8 14 2 0 0 0
0 8 15 2 0 0 0
1 8 15 2 0 0 0
2 8 15 2 0 0 0
3 8 15 2 0 0 0
4 8 15 2 0 0 0
5 8 15 2 0 0 0
6 8 15 2 0 0 0
7 8 15 2 0 0 0
8 8 15 2 0 0 0
9 8 15 2 0 0 0
10 8 15 2 0 0 0
11 8 15 2 0 0 0
18 8 15 2 0 0 0
19 8 15 2 0 0 0
20 8 15 2 0 0 0
21 8 15 2 0 0 0
22 8 15 2 0 0 0
23 8 15 2 0 0 0
24 8 15 2 0 0 0
25 8 15 2 0 0 0
26 8 15 2 0 0 0
27 8 15 2 0 0 0
28 8 15 2 0 0 0
29 8 15 2 0 0 0
12 8 16 2 0 0 0
17 8 16 2 0 0 0
13 8 17 2 0 0 0
16 8 17 2 0 0 0
9 8 18 13 0 0 657926
10 8 18 13 0 0 657926
11 8 18 13 0 0 657926
14 8 18 2 0 0 0
15 8 18 2 0 0 0
9 8 19 13 0 0 657926
10 8 19 13 0 0 657926
11 8 19 13 0 0 657926
14 8 19 2 0 0 0
15 8 19 2 0 0 0
9 8 20 13 0 0 657926
10 8 20 13 0 0 657926
11 8 20 13 0 0 657926
14 8 20 2 0 0 4
15 8 20 2 0 0 0
14 8 21 2 0 0 4
15 8 21 2 0 0 0
14 8 22 2 0 0 0
15 8 22 2 0 0 0
10 8 23 12 0 0 0
11 8 23 12 0 0 0
12 8 23 12 0 0 0
14 8 23 2 0 0 0
15 8 23 2 0 0 0
10 8 24 25 0 0 0
11 8 24 25 0 0 0
12 8 24 25 0 0 0
14 8 24 2 0 0 0
15 8 24 2 0 0 0
18 8 24 22 0 0 27
10 8 25 25 0 0 0
11 8 25 25 0 0 0
12 8 25 25 0 0 0
14 8 25 2 0 0 0
15 8 25 2 0 0 0
14 8 26 2 0 0 0
15 8 26 2 0 0 0
14 8 27 2 0 0 0
15 8 27 2 0 0 0
11 8 28 23 0 0 0
14 8 28 2 0 0 0
15 8 28 2 0 0 0
14 8 29 2 0 0 0
15 8 29 2 0 0 0
14 9 0 2 0 0 0
15 9 0 2 0 0 0
14 9 1 2 0 0 0
15 9 1 2 0 0 0
14 9 2 2 0 0 0
15 9 2 2 0 0 0
14 9 3 2 0 0 0
15 9 3 2 0 0 0
8 9 4 2 0 0 0
9 9 4 2 0 0 0
10 9 4 2 0 0 0
14 9 4 2 0 0 0
15 9 4 2 0 0 0
8 9 5 2 0 0 0
9 9 5 2 0 0 0
10 9 5 2 0 0 0
14 9 5 2 0 0 0
15 9 5 2 0 0 0
8 9 6 2 0 0 0
9 9 6 2 0 0 0
10 9 6 2 0 0 0
14 9 6 2 0 0 0
15 9 6 2 0 0 0
8 9 7 3 0 0 0
9 9 7 3 0 0 0
10 9 7 3 0 0 0
14 9 7 2 0 0 0
15 9 7 2 0 0 0
14 9 8 2 0 0 0
15 9 8 2 0 0 0
14 9 9 2 0 0 0
15 9 9 2 0 0 0
14 9 10 2 0 0 0
15 9 10 2 0 0 0
14 9 11 2 0 0 0
15 9 11 2 0 0 0
13 9 12 2 0 0 0
16 9 12 2 0 0 0
12 9 13 2 0 0 0
17 9 13 2 0 0 0
0 9 14 2 0 0 0
1 9 14 2 0 0 0
2 9 14 2 0 0 0
3 9 14 2 0 0 0
4 9 14 2 0 0 0
5 9 14 2 0 0 0
6 9 14 2 0 0 0
7 9 14 2 0 0 0
8 9 14 2 0 0 0
9 9 14 2 0 0 0
10 9 14 2 0 0 0
11 9 14 2 0 0 0
18 9 14 2 0 0 0
19 9 14 2 0 0 0
20 9 14 2 0 0 0
21 9 14 2 0 0 0
22 9 14 2 0 0 0
23 9 14 2 0 0 0
24 9 14 2 0 0 0
25 9 14 2 0 0 0
26 9 14 2 0 0 0
27 9 14 2 0 0 0
28 9 14 2 0 0 0
29 9 14 2 0 0 0
0 9 15 2 0 0 0
1 9 15 2 0 0 0
2 9 15 2 0 0 0
3 9 15 2 0 0 0
4 9 15 2 0 0 0
5 9 15 2 0 0 0
6 9 15 2 0 0 0
7 9 15 2 0 0 0
8 9 15 2 0 0 0
9 9 15 2 0 0 0
10 9 15 2 0 0 0
11 9 15 2 0 0 0
18 9 15 2 0 0 0
19 9 15 2 0 0 0
20 9 15 2 0 0 0
21 9 15 2 0 0 0
22 9 15 2 0 0 0
23 9 15 2 0 0 0
24 9 15 2 0 0 0
25 9 15 2 0 0 0
26 9 15 2 0 0 0
27 9 15 2 0 0 0
28 9 15 2 0 0 0
29 9 15 2 0 0 0
1 9 16 8 0 0 4
1 9 16
12 9 16 2 0 0 0
17 9 16 2 0 0 0
13 9 17 2 0 0 0
16 9 17 2 0 0 0
14 9 18 2 0 0 0
15 9 18 2 0 0 0
14 9 19 2 0 0 0
15 9 19 2 0 0 0
14 9 20 2 0 0 0
15 9 20 2 0 0 0
14 9 21 2 0 0 4
15 9 21 2 0 0 0
14 9 22 2 0 0 0
15 9 22 2 0 0 0
14 9 23 2 0 0 0
15 9 23 2 0 0 0
14 9 24 2 0 0 0
15 9 24 2 0 0 0
18 9 24 22 0 0 28
14 9 25 2 0 0 0
15 9 25 2 0 0 0
14 9 26 2 0 0 0
15 9 26 2 0 0 0
14 9 27 2 0 0 0
15 9 27 2 0 0 0
14 9 28 2 0 0 0
15 9 28 2 0 0 0
14 9 29 2 0 0 0
15 9 29 2 0 0 0
14 10 0 2 0 0 0
15 10 0 2 0 0 0
4 10 1 2 0 0 0
5 10 1 3 0 1.5708 0
14 10 1 2 0 0 0
15 10 1 2 0 0 0
4 10 2 2 0 0 0
5 10 2 3 0 1.5708 0
14 10 2 2 0 0 0
15 10 2 2 0 0 0
4 10 3 2 0 0 0
5 10 3 3 0 1.5708 0
14 10 3 2 0 0 0
15 10 3 2 0 0 0
14 10 4 2 0 0 0
15 10 4 2 0 0 0
14 10 5 2 0 0 0
15 10 5 2 0 0 0
14 10 6 2 0 0 0
15 10 6 2 0 0 0
14 10 7 2 0 0 0
15 10 7 2 0 0 0
14 10 8 2 0 0 0
15 10 8 2 0 0 0
14 10 9 2 0 0 0
15 10 9 2 0 0 0
14 10 10 2 0 0 0
15 10 10 2 0 0 0
14 10 11 2 0 0 0
15 10 11 2 0 0 0
13 10 12 2 0 0 0
16 10 12 2 0 0 0
12 10 13 2 0 0 0
17 10 13 2 0 0 0
0 10 14 2 0 0 0
1 10 14 2 0 0 0
2 10 14 2 0 0 0
3 10 14 2 0 0 0
4 10 14 2 0 0 0
5 10 14 2 0 0 0
6 10 14 2 0 0 0
7 10 14 2 0 0 0
8 10 14 2 0 0 0
9 10 14 2 0 0 0
10 10 14 2 0 0 0
11 10 14 2 0 0 0
18 10 14 2 0 0 0
19 10 14 2 0 0 0
20 10 14 2 0 0 0
21 10 14 2 0 0 0
22 10 14 2 0 0 0
23 10 14 2 0 0 0
24 10 14 2 0 0 0
25 10 14 2 0 0 0
26 10 14 2 0 0 0
27 10 14 2 0 0 0
28 10 14 2 0 0 0
29 10 14 2 0 0 0
0 10 15 2 0 0 0
1 10 15 2 0 0 0
2 10 15 2 0 0 0
3 10 15 2 0 0 0
4 10 15 2 0 0 0
5 10 15 2 0 0 0
6 10 15 2 0 0 0
7 10 15 2 0 0 0
8 10 15 2 0 0 0
9 10 15 2 0 0 0
10 10 15 2 0 0 0
11 10 15 2 0 0 0
18 10 15 2 0 0 0
19 10 15 2 0 0 0
20 10 15 2 0 0 0
21 10 15 2 0 0 0
22 10 15 2 0 0 0
23 10 15 2 0 0 0
24 10 15 2 0 0 0
25 10 15 2 0 0 0
26 10 15 2 0 0 0
27 10 15 2 0 0 0
28 10 15 2 0 0 0
29 10 15 2 0 0 0
12 10 16 2 0 0 0
17 10 16 2 0 0 0
13 10 17 2 0 0 0
16 10 17 2 0 0 0
14 10 18 2 0 0 0
15 10 18 2 0 0 0
14 10 19 2 0 0 0
15 10 19 2 0 0 0
14 10 20 2 0 0 0
15 10 20 2 0 0 0
14 10 21 2 0 0 0
15 10 21 2 0 0 0
14 10 22 2 0 0 0
15 10 22 2 0 0 0
14 10 23 2 0 0 0
15 10 23 2 0 0 0
14 10 24 2 0 0 0
15 10 24 2 0 0 0
14 10 25 2 0 0 0
15 10 25 2 0 0 0
20 10 25 2 0 0 0
21 10 25 2 0 0 0
22 10 25 2 0 0 0
14 10 26 2 0 0 0
15 10 26 2 0 0 0
20 10 26 2 0 0 0
21 10 26 2 0 0 0
22 10 26 2 0 0 0
14 10 27 2 0 0 0
15 10 27 2 0 0 0
20 10 27 2 0 0 0
21 10 27 2 0 0 0
22 10 27 2 0 0 0
14 10 28 2 0 0 0
15 10 28 2 0 0 0
14 10 29 2 0 0 0
15 10 29 2 0 0 0
14 11 0 2 0 0 0
15 11 0 2 0 0 0
4 11 1 2 0 0 0
5 11 1 3 0 1.5708 0
14 11 1 2 0 0 0
15 11 1 2 0 0 0
4 11 2 2 0 0 0
5 11 2 3 0 1.5708 0
14 11 2 2 0 0 0
15 11 2 2 0 0 0
4 11 3 2 0 0 0
5 11 3 3 0 1.5708 0
14 11 3 2 0 0 0
15 11 3 2 0 0 0
14 11 4 2 0 0 0
15 11 4 2 0 0 0
14 11 5 2 0 0 0
15 11 5 2 0 0 0
14 11 6 2 0 0 0
15 11 6 2 0 0 0
14 11 7 2 0 0 0
15 11 7 2 0 0 0
14 11 8 2 0 0 0
15 11 8 2 0 0 0
14 11 9 2 0 0 0
15 11 9 2 0 0 0
14 11 10 2 0 0 0
15 11 10 2 0 0 0
14 11 11 2 0 0 0
15 11 11 2 0 0 0
13 11 12 2 0 0 0
14 11 12 2 0 0 0
15 11 12 2 0 0 0
16 11 12 2 0 0 0
12 11 13 2 0 0 0
13 11 13 2 0 0 0
14 11 13 2 0 0 0
15 11 13 2 0 0 0
16 11 13 2 0 0 0
17 11 13 2 0 0 0
0 11 14 2 0 0 0
1 11 14 2 0 0 0
2 11 14 2 0 0 0
3 11 14 2 0 0 0
4 11 14 2 0 0 0
5 11 14 2 0 0 0
6 11 14 2 0 0 0
7 11 14 2 0 0 0
8 11 14 2 0 0 0
9 11 14 2 0 0 0
10 11 14 2 0 0 0
11 11 14 2 0 0 0
12 11 14 2 0 0 0
13 11 14 2 0 0 0
14 11 14 2 0 0 0
15 11 14 2 0 0 0
16 11 14 2 0 0 0
17 11 14 2 0 0 0
18 11 14 2 0 0 0
19 11 14 2 0 0 0
20 11 14 2 0 0 0
21 11 14 2 0 0 0
22 11 14 2 0 0 0
23 11 14 2 0 0 0
24 11 14 2 0 0 0
25 11 14 2 0 0 0
26 11 14 2 0 0 0
27 11 14 2 0 0 0
28 11 14 2 0 0 0
29 11 14 2 0 0 0
0 11 15 2 0 0 0
1 11 15 2 0 0 0
2 11 15 2 0 0 0
3 11 15 2 0 0 0
4 11 15 2 0 0 0
5 11 15 2 0 0 0
6 11 15 2 0 0 0
7 11 15 2 0 0 0
8 11 15 2 0 0 0
9 11 15 2 0 0 0
10 11 15 2 0 0 0
11 11 15 2 0 0 0
12 11 15 2 0 0 0
13 11 15 2 0 0 0
14 11 15 2 0 0 0
15 11 15 2 0 0 0
16 11 15 2 0 0 0
17 11 15 2 0 0 0
18 11 15 2 0 0 0
19 11 15 2 0 0 0
20 11 15 2 0 0 0
21 11 15 2 0 0 0
22 11 15 2 0 0 0
23 11 15 2 0 0 0
24 11 15 2 0 0 0
25 11 15 2 0 0 0
26 11 15 2 0 0 0
27 11 15 2 0 0 0
28 11 15 2 0 0 0
29 11 15 2 0 0 0
12 11 16 2 0 0 0
13 11 16 2 0 0 0
14 11 16 2 0 0 0
15 11 16 2 0 0 0
16 11 16 2 0 0 0
17 11 16 2 0 0 0
13 11 17 2 0 0 0
14 11 17 2 0 0 0
15 11 17 2 0 0 0
16 11 17 2 0 0 0
14 11 18 2 0 0 0
15 11 18 2 0 0 0
14 11 19 2 0 0 0
15 11 19 2 0 0 0
14 11 20 2 0 0 0
15 11 20 2 0 0 0
14 11 21 2 0 0 0
15 11 21 2 0 0 0
14 11 22 2 0 0 0
15 11 22 2 0 0 0
14 11 23 2 0 0 0
15 11 23 2 0 0 0
14 11 24 2 0 0 0
15 11 24 2 0 0 0
14 11 25 2 0 0 0
15 11 25 2 0 0 0
14 11 26 2 0 0 0
15 11 26 2 0 0 0
21 11 26 9 0 0 1
14 11 27 2 0 0 0
15 11 27 2 0 0 0
14 11 28 2 0 0 0
15 11 28 2 0 0 0
14 11 29 2 0 0 0
15 11 29 2 0 0 0
4 12 1 2 0 0 0
5 12 1 3 0 1.5708 0
4 12 2 2 0 0 0
5 12 2 3 0 1.5708 0
4 12 3 2 0 0 0
5 12 3 3 0 1.5708 0
22 12 9 8 0 0 2
22 12 9
14 12 11 2 0 0 0
15 12 11 2 0 0 0
13 12 12 2 0 0 0
16 12 12 2 0 0 0
12 12 13 2 0 0 0
17 12 13 2 0 0 0
11 12 14 2 0 0 0
16 12 14 8 0 0 4
16 12 14
18 12 14 2 0 0 0
11 12 15 2 0 0 0
13 12 15 6 0 0 0
18 12 15 2 0 0 0
12 12 16 2 0 0 0
17 12 16 2 0 0 0
13 12 17 2 0 0 0
16 12 17 2 0 0 0
14 12 18 2 0 0 0
15 12 18 2 0 0 0
0 13 1 2 0 0 0
1 13 1 2 0 0 0
2 13 1 2 0 0 0
3 13 1 2 0 0 0
4 13 1 2 0 0 0
5 13 1 3 0 1.5708 0
0 13 2 2 0 0 0
1 13 2 2 0 0 0
2 13 2 2 0 0 0
3 13 2 2 0 0 0
4 13 2 2 0 0 0
5 13 2 3 0 1.5708 0
0 13 3 2 0 0 0
1 13 3 2 0 0 0
2 13 3 2 0 0 0
3 13 3 2 0 0 0
4 13 3 2 0 0 0
5 13 3 3 0 1.5708 0
0 13 4 2 0 0 0
1 13 4 2 0 0 0
2 13 4 2 0 0 0
3 13 4 2 0 0 0
4 13 4 2 0 0 0
0 13 5 2 0 0 0
1 13 5 2 0 0 0
2 13 5 2 0 0 0
3 13 5 2 0 0 0
4 13 5 2 0 0 0
14 13 11 2 0 0 0
15 13 11 2 0 0 0
13 13 12 2 0 0 0
16 13 12 2 0 0 0
12 13 13 2 0 0 0
17 13 13 2 0 0 0
11 13 14 2 0 0 0
18 13 14 2 0 0 0
11 13 15 2 0 0 0
18 13 15 2 0 0 0
12 13 16 2 0 0 0
17 13 16 2 0 0 0
13 13 17 2 0 0 0
16 13 17 2 0 0 0
14 13 18 2 0 0 0
15 13 18 2 0 0 0
2 14 3 14 0 0 0
