16 8 16
0 0 0 1 0 0
1 0 0 1 0 0
2 0 0 1 0 0
3 0 0 1 0 0
4 0 0 1 0 0
0 0 1 1 0 0
1 0 1 1 0 0
2 0 1 1 0 0
3 0 1 1 0 0
4 0 1 1 0 0
10 0 1 1 0 0
11 0 1 1 0 0
12 0 1 1 0 0
13 0 1 1 0 0
0 0 2 1 0 0
1 0 2 1 0 0
2 0 2 1 0 0
3 0 2 1 0 0
4 0 2 1 0 0
10 0 2 1 0 0
11 0 2 1 0 0
12 0 2 1 0 0
13 0 2 1 0 0
0 0 3 1 0 0
1 0 3 1 0 0
2 0 3 1 0 0
3 0 3 1 0 0
4 0 3 1 0 0
5 0 3 2 0 0
10 0 3 1 0 0
11 0 3 1 0 0
12 0 3 1 0 0
13 0 3 1 0 0
0 0 4 1 0 0
1 0 4 1 0 0
2 0 4 1 0 0
3 0 4 1 0 0
4 0 4 1 0 0
5 0 4 2 0 0
10 0 4 1 0 0
11 0 4 1 0 0
12 0 4 1 0 0
13 0 4 1 0 0
10 0 5 1 0 0
11 0 5 1 0 0
12 0 5 1 0 0
13 0 5 1 0 0
2 1 0 2 0 0
9 1 0 2 0 0
14 1 0 2 0 0
9 1 1 2 0 0
14 1 1 2 0 0
9 1 2 2 0 0
10 1 2 3 0 1.5708
14 1 2 2 0 0
4 1 3 3 0 1.5708
5 1 3 2 0 0
9 1 3 2 0 0
10 1 3 3 0 1.5708
14 1 3 2 0 0
4 1 4 3 0 1.5708
5 1 4 2 0 0
9 1 4 2 0 0
10 1 4 3 0 1.5708
14 1 4 2 0 0
9 1 5 2 0 0
14 1 5 2 0 0
9 1 6 2 0 0
10 1 6 2 0 0
11 1 6 2 0 0
12 1 6 2 0 0
13 1 6 2 0 0
14 1 6 2 0 0
6 2 2 2 0 0
7 2 2 2 0 0
8 2 2 2 0 0
9 2 2 2 0 0
10 2 2 3 0 1.5708
5 2 3 3 0 1.5708
6 2 3 2 0 0
7 2 3 2 0 0
8 2 3 2 0 0
9 2 3 2 0 0
10 2 3 3 0 1.5708
5 2 4 3 0 1.5708
6 2 4 2 0 0
7 2 4 2 0 0
8 2 4 2 0 0
9 2 4 2 0 0
10 2 4 3 0 1.5708
