25 40 25
ENVIRONMENT 0.1 0.25 0.5 1 1 0.9 0.9 0.9 0.5 -1 0.5
PART 1 2 0.9 0.3 0.3 L-SHIELD
PARTCELL 1 0 0 0 2
PARTCELL 1 1 0 0 2
PARTCELL 1 2 0 0 2
PARTCELL 1 2 1 0 2
PARTCELL 1 2 2 0 2
PART 2 2 0.9 0.8 0.2 T-BRIDGE
PARTCELL 2 1 0 0 2
PARTCELL 2 1 1 0 2
PARTCELL 2 0 2 0 2
PARTCELL 2 1 2 0 2
PARTCELL 2 2 2 0 2
PART 3 2 0.2 0.7 0.9 LADDER-WALL
PARTCELL 3 0 0 0 3
PARTCELL 3 1 0 0 2
PARTCELL 3 0 1 0 3
PARTCELL 3 1 1 0 2
PARTCELL 3 0 2 0 3
PARTCELL 3 1 2 0 2
PART 4 2 0.4 0.9 0.4 MY PART A
PARTCELL 4 0 0 0 2
PART 5 2 0.8 0.4 0.9 MY PART B
PARTCELL 5 0 0 0 3
9 0 9 1 0 0 0
10 0 9 1 0 0 0
11 0 9 1 0 0 0
12 0 9 1 0 0 0
13 0 9 1 0 0 0
14 0 9 1 0 0 0
15 0 9 1 0 0 0
9 0 10 1 0 0 0
10 0 10 1 0 0 0
11 0 10 1 0 0 0
12 0 10 1 0 0 0
13 0 10 1 0 0 0
14 0 10 1 0 0 0
15 0 10 1 0 0 0
9 0 11 1 0 0 0
10 0 11 1 0 0 0
11 0 11 1 0 0 0
12 0 11 1 0 0 0
13 0 11 1 0 0 0
14 0 11 1 0 0 0
15 0 11 1 0 0 0
9 0 12 1 0 0 0
10 0 12 1 0 0 0
11 0 12 1 0 0 0
12 0 12 1 0 0 0
13 0 12 1 0 0 0
14 0 12 1 0 0 0
15 0 12 1 0 0 0
9 0 13 1 0 0 0
10 0 13 1 0 0 0
11 0 13 1 0 0 0
12 0 13 1 0 0 0
13 0 13 1 0 0 0
14 0 13 1 0 0 0
15 0 13 1 0 0 0
9 0 14 1 0 0 0
10 0 14 1 0 0 0
11 0 14 1 0 0 0
12 0 14 1 0 0 0
13 0 14 1 0 0 0
14 0 14 1 0 0 0
15 0 14 1 0 0 0
9 0 15 1 0 0 0
10 0 15 1 0 0 0
11 0 15 1 0 0 0
12 0 15 1 0 0 0
13 0 15 1 0 0 0
14 0 15 1 0 0 0
15 0 15 1 0 0 0
1 1 1 11 0 0 0
5 1 1 13 0 0 658698
6 1 1 13 0 0 658698
8 1 1 13 0 0 658698
9 1 1 13 0 0 658698
10 1 1 13 0 0 658698
12 1 1 1 0 0 0
13 1 1 1 0 0 0
14 1 1 1 0 0 0
15 1 1 1 0 0 0
16 1 1 1 0 0 0
17 1 1 1 0 0 0
18 1 1 1 0 0 0
19 1 1 1 0 0 0
20 1 1 1 0 0 0
21 1 1 1 0 0 0
22 1 1 1 0 0 0
23 1 1 1 0 0 0
2 1 2 12 0 0 0
3 1 2 12 0 0 0
5 1 2 11 0 0 0
6 1 2 11 0 0 0
8 1 2 11 0 0 0
9 1 2 11 0 0 0
10 1 2 11 0 0 0
12 1 2 1 0 0 0
13 1 2 1 0 0 0
14 1 2 1 0 0 0
15 1 2 1 0 0 0
16 1 2 1 0 0 0
17 1 2 1 0 0 0
18 1 2 1 0 0 0
19 1 2 1 0 0 0
20 1 2 1 0 0 0
21 1 2 1 0 0 0
22 1 2 1 0 0 0
23 1 2 1 0 0 0
2 1 3 12 0 0 0
3 1 3 12 0 0 0
4 1 3 11 0 0 0
5 1 3 11 0 0 0
6 1 3 11 0 0 0
7 1 3 11 0 0 0
8 1 3 11 0 0 0
9 1 3 11 0 0 0
10 1 3 11 0 0 0
11 1 3 11 0 0 0
12 1 3 1 0 0 0
13 1 3 1 0 0 0
14 1 3 1 0 0 0
15 1 3 1 0 0 0
16 1 3 1 0 0 0
17 1 3 1 0 0 0
18 1 3 1 0 0 0
19 1 3 2 0 0 0
20 1 3 2 0 0 0
21 1 3 2 0 0 0
22 1 3 1 0 0 0
23 1 3 1 0 0 0
3 1 4 11 0 0 0
4 1 4 22 0 0 10
5 1 4 22 0 0 10
6 1 4 22 0 0 10
7 1 4 22 0 0 10
8 1 4 22 0 0 10
9 1 4 22 0 0 10
10 1 4 22 0 0 10
11 1 4 22 0 0 10
12 1 4 1 0 0 0
13 1 4 1 0 0 0
14 1 4 1 0 0 0
15 1 4 1 0 0 0
16 1 4 1 0 0 0
17 1 4 1 0 0 0
18 1 4 1 0 0 0
19 1 4 2 0 0 0
20 1 4 2 0 0 0
21 1 4 2 0 0 0
22 1 4 1 0 0 0
23 1 4 1 0 0 0
1 1 5 13 0 0 658698
2 1 5 11 0 0 0
3 1 5 11 0 0 0
4 1 5 22 0 0 10
5 1 5 22 0 0 10
6 1 5 22 0 0 10
7 1 5 22 0 0 10
8 1 5 22 0 0 10
9 1 5 22 0 0 10
10 1 5 22 0 0 10
11 1 5 22 0 0 10
12 1 5 1 0 0 0
13 1 5 1 0 0 0
14 1 5 1 0 0 0
15 1 5 1 0 0 0
16 1 5 1 0 0 0
17 1 5 1 0 0 0
18 1 5 1 0 0 0
19 1 5 2 0 0 0
20 1 5 2 0 0 0
21 1 5 2 0 0 0
22 1 5 1 0 0 0
23 1 5 1 0 0 0
1 1 6 13 0 0 658698
2 1 6 11 0 0 0
3 1 6 11 0 0 0
4 1 6 22 0 0 10
5 1 6 22 0 0 10
6 1 6 1 0 0 0
7 1 6 1 0 0 0
8 1 6 1 0 0 0
9 1 6 1 0 0 0
10 1 6 1 0 0 0
11 1 6 1 0 0 0
12 1 6 1 0 0 0
13 1 6 1 0 0 0
14 1 6 1 0 0 0
15 1 6 1 0 0 0
16 1 6 1 0 0 0
17 1 6 1 0 0 0
18 1 6 1 0 0 0
19 1 6 1 0 0 0
20 1 6 1 0 0 0
21 1 6 1 0 0 0
22 1 6 1 0 0 0
23 1 6 1 0 0 0
3 1 7 11 0 0 0
4 1 7 22 0 0 10
5 1 7 22 0 0 10
6 1 7 1 0 0 0
7 1 7 1 0 0 0
8 1 7 1 0 0 0
9 1 7 1 0 0 0
10 1 7 1 0 0 0
11 1 7 1 0 0 0
12 1 7 1 0 0 0
13 1 7 1 0 0 0
14 1 7 1 0 0 0
15 1 7 1 0 0 0
16 1 7 1 0 0 0
17 1 7 1 0 0 0
18 1 7 1 0 0 0
19 1 7 1 0 0 0
20 1 7 1 0 0 0
21 1 7 1 0 0 0
22 1 7 1 0 0 0
23 1 7 1 0 0 0
1 1 8 13 0 0 658698
2 1 8 11 0 0 0
3 1 8 11 0 0 0
4 1 8 22 0 0 10
5 1 8 22 0 0 10
6 1 8 1 0 0 0
7 1 8 1 0 0 0
8 1 8 1 0 0 0
9 1 8 1 0 0 0
10 1 8 1 0 0 0
11 1 8 1 0 0 0
12 1 8 1 0 0 0
13 1 8 1 0 0 0
14 1 8 1 0 0 0
15 1 8 1 0 0 0
16 1 8 1 0 0 0
17 1 8 1 0 0 0
18 1 8 1 0 0 0
19 1 8 1 0 0 0
20 1 8 1 0 0 0
21 1 8 1 0 0 0
22 1 8 1 0 0 0
23 1 8 1 0 0 0
1 1 9 13 0 0 658698
2 1 9 11 0 0 0
3 1 9 11 0 0 0
4 1 9 22 0 0 10
5 1 9 22 0 0 10
6 1 9 1 0 0 0
7 1 9 1 0 0 0
8 1 9 1 0 0 0
16 1 9 1 0 0 0
17 1 9 1 0 0 0
18 1 9 1 0 0 0
19 1 9 1 0 0 0
20 1 9 1 0 0 0
21 1 9 1 0 0 0
22 1 9 1 0 0 0
23 1 9 1 0 0 0
1 1 10 13 0 0 658698
2 1 10 11 0 0 0
3 1 10 11 0 0 0
4 1 10 22 0 0 10
5 1 10 22 0 0 10
6 1 10 1 0 0 0
7 1 10 1 0 0 0
8 1 10 1 0 0 0
16 1 10 1 0 0 0
17 1 10 1 0 0 0
18 1 10 1 0 0 0
19 1 10 1 0 0 0
20 1 10 1 0 0 0
21 1 10 1 0 0 0
22 1 10 1 0 0 0
23 1 10 1 0 0 0
3 1 11 11 0 0 0
4 1 11 22 0 0 10
5 1 11 22 0 0 10
6 1 11 1 0 0 0
7 1 11 1 0 0 0
8 1 11 1 0 0 0
16 1 11 1 0 0 0
17 1 11 1 0 0 0
18 1 11 1 0 0 0
19 1 11 1 0 0 0
20 1 11 1 0 0 0
21 1 11 1 0 0 0
22 1 11 1 0 0 0
23 1 11 1 0 0 0
1 1 12 1 0 0 0
2 1 12 1 0 0 0
3 1 12 1 0 0 0
4 1 12 1 0 0 0
5 1 12 1 0 0 0
6 1 12 1 0 0 0
7 1 12 1 0 0 0
8 1 12 1 0 0 0
12 1 12 7 0 0 0
16 1 12 1 0 0 0
17 1 12 1 0 0 0
18 1 12 1 0 0 0
19 1 12 1 0 0 0
20 1 12 1 0 0 0
21 1 12 1 0 0 0
22 1 12 1 0 0 0
23 1 12 1 0 0 0
7 1 13 12 0 0 0
8 1 13 1 0 0 0
16 1 13 1 0 0 0
17 1 13 1 0 0 0
18 1 13 1 0 0 0
19 1 13 1 0 0 0
20 1 13 1 0 0 0
21 1 13 1 0 0 0
22 1 13 1 0 0 0
23 1 13 1 0 0 0
5 1 14 12 0 0 0
7 1 14 12 0 0 0
8 1 14 1 0 0 0
16 1 14 1 0 0 0
17 1 14 1 0 0 0
18 1 14 1 0 0 0
19 1 14 1 0 0 0
20 1 14 1 0 0 0
21 1 14 1 0 0 0
22 1 14 1 0 0 0
23 1 14 1 0 0 0
5 1 15 12 0 0 0
7 1 15 12 0 0 0
8 1 15 1 0 0 0
16 1 15 1 0 0 0
17 1 15 1 0 0 0
18 1 15 1 0 0 0
19 1 15 1 0 0 0
20 1 15 1 0 0 0
21 1 15 1 0 0 0
22 1 15 1 0 0 0
23 1 15 1 0 0 0
5 1 16 12 0 0 0
7 1 16 12 0 0 0
8 1 16 1 0 0 0
9 1 16 1 0 0 0
10 1 16 1 0 0 0
11 1 16 1 0 0 0
12 1 16 1 0 0 0
13 1 16 1 0 0 0
14 1 16 1 0 0 0
15 1 16 1 0 0 0
16 1 16 1 0 0 0
17 1 16 1 0 0 0
18 1 16 1 0 0 0
19 1 16 1 0 0 0
20 1 16 1 0 0 0
21 1 16 1 0 0 0
22 1 16 1 0 0 0
23 1 16 1 0 0 0
5 1 17 12 0 0 0
7 1 17 12 0 0 0
8 1 17 12 0 0 0
9 1 17 12 0 0 0
10 1 17 12 0 0 0
11 1 17 12 0 0 0
12 1 17 1 0 0 0
13 1 17 1 0 0 0
14 1 17 1 0 0 0
15 1 17 1 0 0 0
16 1 17 1 0 0 0
17 1 17 1 0 0 0
18 1 17 1 0 0 0
19 1 17 1 0 0 0
20 1 17 1 0 0 0
21 1 17 1 0 0 0
22 1 17 1 0 0 0
23 1 17 1 0 0 0
5 1 18 12 0 0 0
12 1 18 1 0 0 0
13 1 18 1 0 0 0
14 1 18 1 0 0 0
15 1 18 1 0 0 0
16 1 18 1 0 0 0
17 1 18 1 0 0 0
18 1 18 1 0 0 0
19 1 18 1 0 0 0
20 1 18 1 0 0 0
21 1 18 1 0 0 0
22 1 18 1 0 0 0
23 1 18 1 0 0 0
5 1 19 12 0 0 0
6 1 19 12 0 0 0
7 1 19 12 0 0 0
8 1 19 12 0 0 0
9 1 19 12 0 0 0
10 1 19 12 0 0 0
12 1 19 1 0 0 0
13 1 19 1 0 0 0
14 1 19 1 0 0 0
15 1 19 1 0 0 0
16 1 19 1 0 0 0
17 1 19 1 0 0 0
18 1 19 1 0 0 0
19 1 19 1 0 0 0
20 1 19 1 0 0 0
21 1 19 1 0 0 0
22 1 19 1 0 0 0
23 1 19 1 0 0 0
12 1 20 1 0 0 0
13 1 20 1 0 0 0
14 1 20 1 0 0 0
15 1 20 1 0 0 0
16 1 20 1 0 0 0
17 1 20 1 0 0 0
18 1 20 1 0 0 0
19 1 20 1 0 0 0
20 1 20 1 0 0 0
21 1 20 1 0 0 0
22 1 20 1 0 0 0
23 1 20 1 0 0 0
12 1 21 1 0 0 0
13 1 21 1 0 0 0
14 1 21 1 0 0 0
15 1 21 1 0 0 0
16 1 21 1 0 0 0
17 1 21 1 0 0 0
18 1 21 1 0 0 0
19 1 21 1 0 0 0
20 1 21 1 0 0 0
21 1 21 1 0 0 0
22 1 21 1 0 0 0
23 1 21 1 0 0 0
12 1 22 1 0 0 0
13 1 22 1 0 0 0
14 1 22 1 0 0 0
15 1 22 1 0 0 0
16 1 22 1 0 0 0
17 1 22 1 0 0 0
18 1 22 1 0 0 0
19 1 22 1 0 0 0
20 1 22 1 0 0 0
21 1 22 1 0 0 0
22 1 22 1 0 0 0
23 1 22 1 0 0 0
12 1 23 1 0 0 0
13 1 23 1 0 0 0
14 1 23 1 0 0 0
15 1 23 1 0 0 0
16 1 23 1 0 0 0
17 1 23 1 0 0 0
18 1 23 1 0 0 0
19 1 23 1 0 0 0
20 1 23 1 0 0 0
21 1 23 1 0 0 0
22 1 23 1 0 0 0
23 1 23 1 0 0 0
12 2 0 2 0 0 0
1 2 1 5 0 0 2
12 2 1 2 0 0 0
12 2 2 2 0 0 0
12 2 3 2 0 0 0
12 2 4 2 0 0 0
20 2 4 6 0 0 0
12 2 5 2 0 0 0
12 2 6 2 0 0 0
12 2 7 2 0 0 0
8 2 8 15 0 0 0
9 2 8 15 0 0 0
10 2 8 15 0 0 0
11 2 8 15 0 0 0
12 2 8 2 0 0 0
13 2 8 10 0 0 1
14 2 8 10 0 0 1
15 2 8 10 0 0 1
16 2 8 10 0 0 1
8 2 9 15 0 0 0
16 2 9 10 0 0 1
8 2 10 15 0 0 0
16 2 10 10 0 0 1
8 2 11 15 0 0 0
16 2 11 10 0 0 1
0 2 12 2 0 0 0
1 2 12 2 0 0 0
2 2 12 2 0 0 0
3 2 12 2 0 0 0
4 2 12 2 0 0 0
5 2 12 2 0 0 0
6 2 12 2 0 0 0
7 2 12 2 0 0 0
8 2 12 2 0 0 0
16 2 12 2 0 0 0
17 2 12 2 0 0 0
18 2 12 2 0 0 0
19 2 12 2 0 0 0
20 2 12 2 0 0 0
21 2 12 2 0 0 0
22 2 12 2 0 0 0
23 2 12 2 0 0 0
24 2 12 2 0 0 0
8 2 13 24 0 0 0
16 2 13 25 0 0 0
4 2 14 12 0 0 0
8 2 14 24 0 0 0
16 2 14 25 0 0 0
4 2 15 12 0 0 0
8 2 15 24 0 0 0
16 2 15 25 0 0 0
4 2 16 12 0 0 0
8 2 16 24 0 0 0
9 2 16 24 0 0 0
10 2 16 24 0 0 0
11 2 16 24 0 0 0
12 2 16 2 0 0 0
13 2 16 25 0 0 0
14 2 16 25 0 0 0
15 2 16 25 0 0 0
16 2 16 25 0 0 0
4 2 17 12 0 0 0
12 2 17 2 0 0 0
21 2 17 13 0 0 658698
4 2 18 12 0 0 0
12 2 18 2 0 0 0
4 2 19 12 0 0 0
12 2 19 2 0 0 0
4 2 20 12 0 0 0
5 2 20 12 0 0 0
6 2 20 12 0 0 0
7 2 20 12 0 0 0
8 2 20 12 0 0 0
9 2 20 12 0 0 0
10 2 20 12 0 0 0
12 2 20 2 0 0 0
12 2 21 2 0 0 0
12 2 22 2 0 0 0
12 2 23 2 0 0 0
12 2 24 2 0 0 0
12 3 0 2 0 0 0
12 3 1 2 0 0 0
12 3 2 2 0 0 0
12 3 3 2 0 0 0
12 3 4 2 0 0 0
12 3 5 2 0 0 0
12 3 6 2 0 0 0
12 3 7 2 0 0 0
8 3 8 15 0 0 0
9 3 8 15 0 0 0
10 3 8 15 0 0 0
11 3 8 15 0 0 0
12 3 8 2 0 0 0
13 3 8 10 0 0 1
14 3 8 10 0 0 1
15 3 8 10 0 0 1
16 3 8 10 0 0 1
8 3 9 15 0 0 0
16 3 9 10 0 0 1
8 3 10 15 0 0 0
16 3 10 10 0 0 1
8 3 11 15 0 0 0
16 3 11 10 0 0 1
0 3 12 2 0 0 0
1 3 12 2 0 0 0
2 3 12 2 0 0 0
3 3 12 2 0 0 0
4 3 12 2 0 0 0
5 3 12 2 0 0 0
6 3 12 2 0 0 0
7 3 12 2 0 0 0
8 3 12 2 0 0 0
16 3 12 2 0 0 0
17 3 12 2 0 0 0
18 3 12 2 0 0 0
19 3 12 2 0 0 0
20 3 12 2 0 0 0
21 3 12 2 0 0 0
22 3 12 2 0 0 0
23 3 12 2 0 0 0
24 3 12 2 0 0 0
8 3 13 24 0 0 0
16 3 13 25 0 0 0
1 3 14 12 0 0 0
2 3 14 12 0 0 0
3 3 14 12 0 0 0
8 3 14 24 0 0 0
16 3 14 25 0 0 0
1 3 15 12 0 0 0
2 3 15 12 0 0 0
3 3 15 12 0 0 0
8 3 15 24 0 0 0
16 3 15 25 0 0 0
1 3 16 12 0 0 0
2 3 16 12 0 0 0
3 3 16 12 0 0 0
8 3 16 24 0 0 0
9 3 16 24 0 0 0
10 3 16 24 0 0 0
11 3 16 24 0 0 0
12 3 16 2 0 0 0
13 3 16 25 0 0 0
14 3 16 25 0 0 0
15 3 16 25 0 0 0
16 3 16 25 0 0 0
12 3 17 2 0 0 0
1 3 18 12 0 0 0
2 3 18 12 0 0 0
3 3 18 12 0 0 0
12 3 18 2 0 0 0
1 3 19 12 0 0 0
2 3 19 12 0 0 0
3 3 19 12 0 0 0
12 3 19 2 0 0 0
1 3 20 12 0 0 0
2 3 20 12 0 0 0
3 3 20 12 0 0 0
12 3 20 2 0 0 0
4 3 21 12 0 0 0
5 3 21 12 0 0 0
6 3 21 12 0 0 0
8 3 21 12 0 0 0
9 3 21 12 0 0 0
10 3 21 12 0 0 0
12 3 21 2 0 0 0
4 3 22 12 0 0 0
5 3 22 12 0 0 0
6 3 22 12 0 0 0
8 3 22 12 0 0 0
9 3 22 12 0 0 0
10 3 22 12 0 0 0
12 3 22 2 0 0 0
4 3 23 12 0 0 0
5 3 23 12 0 0 0
6 3 23 12 0 0 0
8 3 23 12 0 0 0
9 3 23 12 0 0 0
10 3 23 12 0 0 0
12 3 23 2 0 0 0
12 3 24 2 0 0 0
12 4 0 2 0 0 0
12 4 1 2 0 0 0
2 4 2 1 0 0 0
3 4 2 1 0 0 0
4 4 2 1 0 0 0
5 4 2 1 0 0 0
6 4 2 1 0 0 0
7 4 2 1 0 0 0
8 4 2 1 0 0 0
9 4 2 1 0 0 0
10 4 2 1 0 0 0
12 4 2 2 0 0 0
2 4 3 1 0 0 0
3 4 3 1 0 0 0
4 4 3 1 0 0 0
5 4 3 1 0 0 0
6 4 3 1 0 0 0
7 4 3 1 0 0 0
8 4 3 1 0 0 0
9 4 3 1 0 0 0
12 4 3 2 0 0 0
2 4 4 1 0 0 0
3 4 4 1 0 0 0
4 4 4 1 0 0 0
5 4 4 1 0 0 0
6 4 4 1 0 0 0
7 4 4 1 0 0 0
8 4 4 1 0 0 0
12 4 4 2 0 0 0
2 4 5 1 0 0 0
3 4 5 1 0 0 0
4 4 5 1 0 0 0
5 4 5 1 0 0 0
6 4 5 1 0 0 0
7 4 5 1 0 0 0
12 4 5 2 0 0 0
2 4 6 1 0 0 0
3 4 6 1 0 0 0
4 4 6 1 0 0 0
5 4 6 1 0 0 0
6 4 6 1 0 0 0
12 4 6 2 0 0 0
2 4 7 1 0 0 0
3 4 7 1 0 0 0
4 4 7 1 0 0 0
5 4 7 1 0 0 0
12 4 7 2 0 0 0
2 4 8 1 0 0 0
3 4 8 1 0 0 0
4 4 8 1 0 0 0
8 4 8 15 0 0 0
9 4 8 15 0 0 0
10 4 8 15 0 0 0
11 4 8 15 0 0 0
12 4 8 2 0 0 0
13 4 8 10 0 0 1
14 4 8 10 0 0 1
15 4 8 10 0 0 1
16 4 8 10 0 0 1
2 4 9 1 0 0 0
3 4 9 1 0 0 0
8 4 9 15 0 0 0
16 4 9 10 0 0 1
2 4 10 1 0 0 0
8 4 10 15 0 0 0
16 4 10 10 0 0 1
8 4 11 15 0 0 0
16 4 11 10 0 0 1
0 4 12 2 0 0 0
1 4 12 2 0 0 0
2 4 12 2 0 0 0
3 4 12 2 0 0 0
4 4 12 2 0 0 0
5 4 12 2 0 0 0
6 4 12 2 0 0 0
7 4 12 2 0 0 0
8 4 12 2 0 0 0
16 4 12 2 0 0 0
17 4 12 2 0 0 0
18 4 12 2 0 0 0
19 4 12 2 0 0 0
20 4 12 2 0 0 0
21 4 12 2 0 0 0
22 4 12 2 0 0 0
23 4 12 2 0 0 0
24 4 12 2 0 0 0
1 4 14 3 0 1.5708 0
1 4 15 3 0 1.5708 0
1 4 16 3 0 1.5708 0
12 4 16 2 0 0 0
12 4 17 2 0 0 0
1 4 18 3 0 1.5708 0
12 4 18 2 0 0 0
1 4 19 3 0 1.5708 0
12 4 19 2 0 0 0
1 4 20 3 0 4.7124 0
12 4 20 2 0 0 0
12 4 21 2 0 0 0
12 4 22 2 0 0 0
4 4 23 3 0 0 0
5 4 23 3 0 0 0
6 4 23 3 0 0 0
8 4 23 3 0 0 0
9 4 23 3 0 0 0
10 4 23 3 0 0 0
12 4 23 2 0 0 0
12 4 24 2 0 0 0
12 5 0 2 0 0 0
12 5 1 2 0 0 0
12 5 2 2 0 0 0
12 5 3 2 0 0 0
4 5 4 9 0 0 1
12 5 4 2 0 0 0
12 5 5 2 0 0 0
12 5 6 2 0 0 0
12 5 7 2 0 0 0
12 5 8 2 0 0 0
0 5 12 2 0 0 0
1 5 12 2 0 0 0
2 5 12 2 0 0 0
3 5 12 2 0 0 0
4 5 12 2 0 0 0
5 5 12 2 0 0 0
6 5 12 2 0 0 0
7 5 12 2 0 0 0
8 5 12 2 0 0 0
16 5 12 2 0 0 0
17 5 12 2 0 0 0
18 5 12 2 0 0 0
19 5 12 2 0 0 0
20 5 12 2 0 0 0
21 5 12 2 0 0 0
22 5 12 2 0 0 0
23 5 12 2 0 0 0
24 5 12 2 0 0 0
1 5 14 3 0 1.5708 0
1 5 15 3 0 1.5708 0
1 5 16 3 0 1.5708 0
12 5 16 2 0 0 0
12 5 17 2 0 0 0
1 5 18 3 0 1.5708 0
12 5 18 2 0 0 0
21 5 18 11 0 0 0
1 5 19 3 0 1.5708 0
12 5 19 2 0 0 0
21 5 19 11 0 0 0
1 5 20 3 0 1.5708 0
12 5 20 2 0 0 0
21 5 20 11 0 0 0
12 5 21 2 0 0 0
17 5 21 13 0 0 658698
18 5 21 11 0 0 0
19 5 21 11 0 0 0
20 5 21 11 0 0 0
21 5 21 11 0 0 0
12 5 22 2 0 0 0
4 5 23 3 0 0 0
5 5 23 3 0 0 0
6 5 23 3 0 0 0
8 5 23 3 0 0 0
9 5 23 3 0 0 0
10 5 23 3 0 0 0
12 5 23 2 0 0 0
12 5 24 2 0 0 0
12 6 0 2 0 0 0
12 6 1 2 0 0 0
12 6 2 2 0 0 0
12 6 3 2 0 0 0
12 6 4 2 0 0 0
12 6 5 2 0 0 0
12 6 6 2 0 0 0
12 6 7 2 0 0 0
12 6 8 2 0 0 0
0 6 12 2 0 0 0
1 6 12 2 0 0 0
2 6 12 2 0 0 0
3 6 12 2 0 0 0
4 6 12 2 0 0 0
5 6 12 2 0 0 0
6 6 12 2 0 0 0
7 6 12 2 0 0 0
8 6 12 2 0 0 0
16 6 12 2 0 0 0
17 6 12 2 0 0 0
18 6 12 2 0 0 0
19 6 12 2 0 0 0
20 6 12 2 0 0 0
21 6 12 2 0 0 0
22 6 12 2 0 0 0
23 6 12 2 0 0 0
24 6 12 2 0 0 0
2 6 13 1 0 0 0
3 6 13 1 0 0 0
4 6 13 1 0 0 0
1 6 14 3 0 1.5708 0
2 6 14 1 0 0 0
3 6 14 1 0 0 0
4 6 14 1 0 0 0
1 6 15 3 0 1.5708 0
2 6 15 1 0 0 0
3 6 15 1 0 0 0
4 6 15 1 0 0 0
1 6 16 3 0 1.5708 0
2 6 16 1 0 0 0
3 6 16 1 0 0 0
4 6 16 1 0 0 0
12 6 16 2 0 0 0
2 6 17 1 0 0 0
3 6 17 1 0 0 0
4 6 17 1 0 0 0
12 6 17 2 0 0 0
1 6 18 3 0 1.5708 0
2 6 18 1 0 0 0
3 6 18 1 0 0 0
4 6 18 1 0 0 0
12 6 18 2 0 0 0
1 6 19 3 0 1.5708 0
2 6 19 1 0 0 0
3 6 19 1 0 0 0
4 6 19 1 0 0 0
5 6 19 1 0 0 0
6 6 19 1 0 0 0
7 6 19 1 0 0 0
8 6 19 1 0 0 0
9 6 19 1 0 0 0
10 6 19 1 0 0 0
12 6 19 2 0 0 0
1 6 20 3 0 1.5708 0
2 6 20 1 0 0 0
3 6 20 1 0 0 0
4 6 20 1 0 0 0
5 6 20 1 0 0 0
6 6 20 1 0 0 0
7 6 20 1 0 0 0
8 6 20 1 0 0 0
9 6 20 1 0 0 0
10 6 20 1 0 0 0
12 6 20 2 0 0 0
2 6 21 1 0 0 0
3 6 21 1 0 0 0
4 6 21 1 0 0 0
5 6 21 1 0 0 0
6 6 21 1 0 0 0
7 6 21 1 0 0 0
8 6 21 1 0 0 0
9 6 21 1 0 0 0
10 6 21 1 0 0 0
12 6 21 2 0 0 0
12 6 22 2 0 0 0
4 6 23 3 0 0 0
5 6 23 3 0 0 0
6 6 23 3 0 0 0
8 6 23 3 0 0 0
9 6 23 3 0 0 0
10 6 23 3 0 0 0
12 6 23 2 0 0 0
12 6 24 2 0 0 0
12 7 0 2 0 0 0
12 7 1 2 0 0 0
12 7 2 2 0 0 0
12 7 3 2 0 0 0
12 7 4 2 0 0 0
12 7 5 2 0 0 0
12 7 6 2 0 0 0
12 7 7 2 0 0 0
12 7 8 2 0 0 0
0 7 12 2 0 0 0
1 7 12 2 0 0 0
2 7 12 2 0 0 0
3 7 12 2 0 0 0
4 7 12 2 0 0 0
5 7 12 2 0 0 0
6 7 12 2 0 0 0
7 7 12 2 0 0 0
8 7 12 2 0 0 0
16 7 12 2 0 0 0
17 7 12 2 0 0 0
18 7 12 2 0 0 0
19 7 12 2 0 0 0
20 7 12 2 0 0 0
21 7 12 2 0 0 0
22 7 12 2 0 0 0
23 7 12 2 0 0 0
24 7 12 2 0 0 0
0 7 14 1 0 0 0
1 7 14 3 0 1.5708 0
0 7 15 1 0 0 0
1 7 15 3 0 1.5708 0
0 7 16 1 0 0 0
1 7 16 3 0 1.5708 0
12 7 16 2 0 0 0
0 7 17 1 0 0 0
12 7 17 2 0 0 0
0 7 18 1 0 0 0
1 7 18 3 0 4.7124 0
12 7 18 2 0 0 0
0 7 19 1 0 0 0
1 7 19 3 0 1.5708 0
12 7 19 2 0 0 0
0 7 20 1 0 0 0
1 7 20 3 0 1.5708 0
3 7 20 14 0 0 0
12 7 20 2 0 0 0
0 7 21 1 0 0 0
12 7 21 2 0 0 0
0 7 22 1 0 0 0
12 7 22 2 0 0 0
0 7 23 1 0 0 0
4 7 23 3 0 0 0
5 7 23 3 0 0 0
6 7 23 3 0 0 0
8 7 23 3 0 0 0
9 7 23 3 0 0 0
10 7 23 3 0 0 0
12 7 23 2 0 0 0
0 7 24 1 0 0 0
1 7 24 1 0 0 0
2 7 24 1 0 0 0
3 7 24 1 0 0 0
4 7 24 1 0 0 0
5 7 24 1 0 0 0
6 7 24 1 0 0 0
7 7 24 1 0 0 0
8 7 24 1 0 0 0
9 7 24 1 0 0 0
10 7 24 1 0 0 0
12 7 24 2 0 0 0
12 8 0 2 0 0 0
12 8 1 2 0 0 0
12 8 2 2 0 0 0
12 8 3 2 0 0 0
12 8 4 2 0 0 0
12 8 5 2 0 0 0
12 8 6 2 0 0 0
12 8 7 2 0 0 0
12 8 8 2 0 0 0
0 8 12 2 0 0 0
1 8 12 2 0 0 0
2 8 12 2 0 0 0
3 8 12 2 0 0 0
4 8 12 2 0 0 0
5 8 12 2 0 0 0
6 8 12 2 0 0 0
7 8 12 2 0 0 0
8 8 12 2 0 0 0
16 8 12 2 0 0 0
17 8 12 2 0 0 0
18 8 12 2 0 0 0
19 8 12 2 0 0 0
20 8 12 2 0 0 0
21 8 12 2 0 0 0
22 8 12 2 0 0 0
23 8 12 2 0 0 0
24 8 12 2 0 0 0
12 8 16 2 0 0 0
12 8 17 2 0 0 0
21 8 17 13 0 0 658698
12 8 18 2 0 0 0
12 8 19 2 0 0 0
21 8 19 11 0 0 0
12 8 20 2 0 0 0
12 8 21 2 0 0 0
18 8 21 11 0 0 0
20 8 21 11 0 0 0
12 8 22 2 0 0 0
12 8 23 2 0 0 0
0 8 24 5 0 0 2
12 8 24 2 0 0 0
12 9 0 2 0 0 0
12 9 1 2 0 0 0
12 9 2 2 0 0 0
12 9 3 2 0 0 0
12 9 4 2 0 0 0
12 9 5 2 0 0 0
12 9 6 2 0 0 0
12 9 7 2 0 0 0
12 9 8 2 0 0 0
0 9 12 2 0 0 0
1 9 12 2 0 0 0
2 9 12 2 0 0 0
3 9 12 2 0 0 0
4 9 12 2 0 0 0
5 9 12 2 0 0 0
6 9 12 2 0 0 0
7 9 12 2 0 0 0
8 9 12 2 0 0 0
16 9 12 2 0 0 0
17 9 12 2 0 0 0
18 9 12 2 0 0 0
19 9 12 2 0 0 0
20 9 12 2 0 0 0
21 9 12 2 0 0 0
22 9 12 2 0 0 0
23 9 12 2 0 0 0
24 9 12 2 0 0 0
12 9 16 2 0 0 0
12 9 17 2 0 0 0
12 9 18 2 0 0 0
12 9 19 2 0 0 0
12 9 20 2 0 0 0
12 9 21 2 0 0 0
12 9 22 2 0 0 0
12 9 23 2 0 0 0
12 9 24 2 0 0 0
16 10 12 2 0 0 0
17 10 12 2 0 0 0
18 10 12 2 0 0 0
19 10 12 2 0 0 0
20 10 12 2 0 0 0
21 10 12 2 0 0 0
22 10 12 2 0 0 0
23 10 12 2 0 0 0
24 10 12 2 0 0 0
12 10 16 2 0 0 0
12 10 17 2 0 0 0
12 10 18 2 0 0 0
12 10 19 2 0 0 0
12 10 20 2 0 0 0
12 10 21 2 0 0 0
12 10 22 2 0 0 0
12 10 23 2 0 0 0
12 10 24 2 0 0 0
16 11 12 2 0 0 0
17 11 12 2 0 0 0
18 11 12 2 0 0 0
19 11 12 2 0 0 0
20 11 12 2 0 0 0
21 11 12 2 0 0 0
22 11 12 2 0 0 0
23 11 12 2 0 0 0
24 11 12 2 0 0 0
16 11 13 2 0 0 0
17 11 13 1 0 0 0
18 11 13 1 0 0 0
19 11 13 1 0 0 0
20 11 13 1 0 0 0
21 11 13 1 0 0 0
22 11 13 1 0 0 0
23 11 13 1 0 0 0
16 11 14 2 0 0 0
17 11 14 1 0 0 0
18 11 14 1 0 0 0
19 11 14 1 0 0 0
20 11 14 1 0 0 0
21 11 14 1 0 0 0
22 11 14 1 0 0 0
23 11 14 1 0 0 0
16 11 15 2 0 0 0
17 11 15 1 0 0 0
18 11 15 1 0 0 0
19 11 15 1 0 0 0
20 11 15 1 0 0 0
21 11 15 1 0 0 0
22 11 15 1 0 0 0
23 11 15 1 0 0 0
12 11 16 2 0 0 0
16 11 16 2 0 0 0
17 11 16 1 0 0 0
18 11 16 1 0 0 0
19 11 16 1 0 0 0
23 11 16 1 0 0 0
12 11 17 2 0 0 0
13 11 17 2 0 0 0
14 11 17 2 0 0 0
15 11 17 2 0 0 0
16 11 17 2 0 0 0
17 11 17 1 0 0 0
18 11 17 1 0 0 0
19 11 17 1 0 0 0
23 11 17 1 0 0 0
12 11 18 2 0 0 0
13 11 18 1 0 0 0
14 11 18 1 0 0 0
15 11 18 1 0 0 0
16 11 18 1 0 0 0
17 11 18 1 0 0 0
18 11 18 1 0 0 0
19 11 18 1 0 0 0
23 11 18 1 0 0 0
12 11 19 2 0 0 0
13 11 19 1 0 0 0
14 11 19 1 0 0 0
15 11 19 1 0 0 0
16 11 19 1 0 0 0
17 11 19 1 0 0 0
18 11 19 1 0 0 0
19 11 19 1 0 0 0
20 11 19 1 0 0 0
21 11 19 1 0 0 0
22 11 19 1 0 0 0
23 11 19 1 0 0 0
12 11 20 2 0 0 0
13 11 20 1 0 0 0
14 11 20 1 0 0 0
15 11 20 1 0 0 0
16 11 20 1 0 0 0
17 11 20 1 0 0 0
18 11 20 1 0 0 0
19 11 20 1 0 0 0
20 11 20 1 0 0 0
21 11 20 1 0 0 0
22 11 20 1 0 0 0
23 11 20 1 0 0 0
12 11 21 2 0 0 0
13 11 21 1 0 0 0
14 11 21 1 0 0 0
15 11 21 1 0 0 0
16 11 21 1 0 0 0
17 11 21 1 0 0 0
18 11 21 1 0 0 0
19 11 21 1 0 0 0
20 11 21 1 0 0 0
21 11 21 1 0 0 0
22 11 21 1 0 0 0
23 11 21 1 0 0 0
12 11 22 2 0 0 0
13 11 22 1 0 0 0
14 11 22 1 0 0 0
15 11 22 1 0 0 0
16 11 22 1 0 0 0
17 11 22 1 0 0 0
18 11 22 1 0 0 0
19 11 22 1 0 0 0
20 11 22 1 0 0 0
21 11 22 1 0 0 0
22 11 22 1 0 0 0
23 11 22 1 0 0 0
12 11 23 2 0 0 0
13 11 23 1 0 0 0
14 11 23 1 0 0 0
15 11 23 1 0 0 0
16 11 23 1 0 0 0
17 11 23 1 0 0 0
18 11 23 1 0 0 0
19 11 23 1 0 0 0
20 11 23 1 0 0 0
21 11 23 1 0 0 0
22 11 23 1 0 0 0
23 11 23 1 0 0 0
12 11 24 2 0 0 0
16 12 12 2 0 0 0
17 12 12 2 0 0 0
18 12 12 2 0 0 0
19 12 12 2 0 0 0
20 12 12 2 0 0 0
21 12 12 2 0 0 0
22 12 12 2 0 0 0
23 12 12 2 0 0 0
24 12 12 2 0 0 0
16 12 13 2 0 0 0
16 12 14 2 0 0 0
16 12 15 2 0 0 0
12 12 16 2 0 0 0
16 12 16 2 0 0 0
12 12 17 2 0 0 0
13 12 17 2 0 0 0
14 12 17 2 0 0 0
15 12 17 2 0 0 0
16 12 17 2 0 0 0
17 12 17 23 0 0 0
12 12 18 2 0 0 0
16 12 18 5 0 0 2
12 12 19 2 0 0 0
12 12 20 2 0 0 0
12 12 21 2 0 0 0
12 12 22 2 0 0 0
12 12 23 2 0 0 0
12 12 24 2 0 0 0
16 13 12 2 0 0 0
17 13 12 2 0 0 0
18 13 12 2 0 0 0
19 13 12 2 0 0 0
20 13 12 2 0 0 0
21 13 12 2 0 0 0
22 13 12 2 0 0 0
23 13 12 2 0 0 0
24 13 12 2 0 0 0
16 13 13 2 0 0 0
16 13 14 2 0 0 0
16 13 15 2 0 0 0
12 13 16 2 0 0 0
16 13 16 2 0 0 0
12 13 17 2 0 0 0
13 13 17 2 0 0 0
14 13 17 2 0 0 0
15 13 17 2 0 0 0
16 13 17 2 0 0 0
12 13 18 2 0 0 0
12 13 19 2 0 0 0
12 13 20 2 0 0 0
12 13 21 2 0 0 0
12 13 22 2 0 0 0
12 13 23 2 0 0 0
12 13 24 2 0 0 0
16 14 12 2 0 0 0
17 14 12 2 0 0 0
18 14 12 2 0 0 0
19 14 12 2 0 0 0
20 14 12 2 0 0 0
21 14 12 2 0 0 0
22 14 12 2 0 0 0
23 14 12 2 0 0 0
24 14 12 2 0 0 0
16 14 13 2 0 0 0
16 14 14 2 0 0 0
16 14 15 2 0 0 0
12 14 16 2 0 0 0
16 14 16 2 0 0 0
12 14 17 2 0 0 0
13 14 17 2 0 0 0
14 14 17 2 0 0 0
15 14 17 2 0 0 0
16 14 17 2 0 0 0
12 14 18 2 0 0 0
12 14 19 2 0 0 0
12 14 20 2 0 0 0
12 14 21 2 0 0 0
12 14 22 2 0 0 0
12 14 23 2 0 0 0
12 14 24 2 0 0 0
16 15 12 2 0 0 0
17 15 12 2 0 0 0
18 15 12 2 0 0 0
19 15 12 2 0 0 0
20 15 12 2 0 0 0
21 15 12 2 0 0 0
22 15 12 2 0 0 0
23 15 12 2 0 0 0
24 15 12 2 0 0 0
16 15 13 2 0 0 0
16 15 14 2 0 0 0
16 15 15 2 0 0 0
12 15 16 2 0 0 0
16 15 16 2 0 0 0
12 15 17 2 0 0 0
13 15 17 2 0 0 0
14 15 17 2 0 0 0
15 15 17 2 0 0 0
16 15 17 2 0 0 0
12 15 18 2 0 0 0
12 15 19 2 0 0 0
12 15 20 2 0 0 0
12 15 21 2 0 0 0
12 15 22 2 0 0 0
12 15 23 2 0 0 0
12 15 24 2 0 0 0
