29 15 33
ENVIRONMENT 0.1 0.25 0.5 1 1 0.9 0.9 0.9 0.5 -1 0.5
PART 1 2 0.9 0.3 0.3 L-SHIELD
PARTCELL 1 0 0 0 2
PARTCELL 1 1 0 0 2
PARTCELL 1 2 0 0 2
PARTCELL 1 2 1 0 2
PARTCELL 1 2 2 0 2
PART 2 2 0.9 0.8 0.2 T-BRIDGE
PARTCELL 2 1 0 0 2
PARTCELL 2 1 1 0 2
PARTCELL 2 0 2 0 2
PARTCELL 2 1 2 0 2
PARTCELL 2 2 2 0 2
PART 3 2 0.2 0.7 0.9 LADDER-WALL
PARTCELL 3 0 0 0 3
PARTCELL 3 1 0 0 2
PARTCELL 3 0 1 0 3
PARTCELL 3 1 1 0 2
PARTCELL 3 0 2 0 3
PARTCELL 3 1 2 0 2
PART 4 2 0.4 0.9 0.4 MY PART A
PARTCELL 4 0 0 0 2
PART 5 2 0.8 0.4 0.9 MY PART B
PARTCELL 5 0 0 0 3
0 0 0 1 0 0 0
1 0 0 1 0 0 0
2 0 0 1 0 0 0
3 0 0 1 0 0 0
4 0 0 1 0 0 0
5 0 0 1 0 0 0
6 0 0 1 0 0 0
7 0 0 1 0 0 0
8 0 0 1 0 0 0
9 0 0 1 0 0 0
10 0 0 1 0 0 0
11 0 0 1 0 0 0
12 0 0 1 0 0 0
13 0 0 1 0 0 0
14 0 0 1 0 0 0
15 0 0 1 0 0 0
16 0 0 1 0 0 0
17 0 0 1 0 0 0
18 0 0 1 0 0 0
19 0 0 1 0 0 0
20 0 0 1 0 0 0
21 0 0 1 0 0 0
22 0 0 1 0 0 0
23 0 0 1 0 0 0
24 0 0 1 0 0 0
25 0 0 1 0 0 0
26 0 0 1 0 0 0
27 0 0 1 0 0 0
28 0 0 1 0 0 0
0 0 1 1 0 0 0
1 0 1 1 0 0 0
2 0 1 1 0 0 0
3 0 1 1 0 0 0
4 0 1 1 0 0 0
5 0 1 1 0 0 0
6 0 1 1 0 0 0
7 0 1 1 0 0 0
8 0 1 1 0 0 0
9 0 1 1 0 0 0
10 0 1 1 0 0 0
11 0 1 1 0 0 0
12 0 1 1 0 0 0
13 0 1 1 0 0 0
14 0 1 1 0 0 0
15 0 1 1 0 0 0
16 0 1 1 0 0 0
17 0 1 1 0 0 0
18 0 1 1 0 0 0
19 0 1 1 0 0 0
20 0 1 1 0 0 0
21 0 1 1 0 0 0
22 0 1 1 0 0 0
23 0 1 1 0 0 0
24 0 1 1 0 0 0
25 0 1 1 0 0 0
26 0 1 1 0 0 0
27 0 1 1 0 0 0
28 0 1 1 0 0 0
0 0 2 1 0 0 0
1 0 2 1 0 0 0
2 0 2 1 0 0 0
3 0 2 1 0 0 0
4 0 2 1 0 0 0
5 0 2 1 0 0 0
6 0 2 1 0 0 0
7 0 2 1 0 0 0
8 0 2 1 0 0 0
9 0 2 1 0 0 0
10 0 2 1 0 0 0
11 0 2 1 0 0 0
12 0 2 1 0 0 0
13 0 2 1 0 0 0
14 0 2 1 0 0 0
15 0 2 1 0 0 0
16 0 2 1 0 0 0
17 0 2 1 0 0 0
18 0 2 1 0 0 0
19 0 2 1 0 0 0
20 0 2 1 0 0 0
21 0 2 1 0 0 0
22 0 2 1 0 0 0
23 0 2 1 0 0 0
24 0 2 1 0 0 0
25 0 2 1 0 0 0
26 0 2 1 0 0 0
27 0 2 1 0 0 0
28 0 2 1 0 0 0
0 0 3 1 0 0 0
1 0 3 1 0 0 0
2 0 3 1 0 0 0
3 0 3 1 0 0 0
4 0 3 1 0 0 0
5 0 3 1 0 0 0
6 0 3 1 0 0 0
7 0 3 1 0 0 0
8 0 3 1 0 0 0
9 0 3 1 0 0 0
10 0 3 1 0 0 0
11 0 3 1 0 0 0
12 0 3 1 0 0 0
13 0 3 1 0 0 0
14 0 3 1 0 0 0
15 0 3 1 0 0 0
16 0 3 1 0 0 0
17 0 3 1 0 0 0
18 0 3 1 0 0 0
19 0 3 1 0 0 0
20 0 3 1 0 0 0
21 0 3 1 0 0 0
22 0 3 1 0 0 0
23 0 3 1 0 0 0
24 0 3 1 0 0 0
25 0 3 1 0 0 0
26 0 3 1 0 0 0
27 0 3 1 0 0 0
28 0 3 1 0 0 0
0 0 4 1 0 0 0
1 0 4 1 0 0 0
2 0 4 1 0 0 0
3 0 4 1 0 0 0
4 0 4 1 0 0 0
5 0 4 1 0 0 0
6 0 4 1 0 0 0
7 0 4 1 0 0 0
8 0 4 1 0 0 0
9 0 4 1 0 0 0
10 0 4 1 0 0 0
11 0 4 1 0 0 0
12 0 4 1 0 0 0
13 0 4 1 0 0 0
14 0 4 1 0 0 0
15 0 4 1 0 0 0
16 0 4 1 0 0 0
17 0 4 1 0 0 0
18 0 4 1 0 0 0
19 0 4 1 0 0 0
20 0 4 1 0 0 0
21 0 4 1 0 0 0
22 0 4 1 0 0 0
23 0 4 1 0 0 0
24 0 4 1 0 0 0
25 0 4 1 0 0 0
26 0 4 1 0 0 0
27 0 4 1 0 0 0
28 0 4 1 0 0 0
0 0 5 1 0 0 0
1 0 5 1 0 0 0
2 0 5 1 0 0 0
3 0 5 1 0 0 0
4 0 5 1 0 0 0
5 0 5 1 0 0 0
6 0 5 1 0 0 0
7 0 5 1 0 0 0
8 0 5 1 0 0 0
9 0 5 1 0 0 0
10 0 5 1 0 0 0
11 0 5 1 0 0 0
12 0 5 1 0 0 0
13 0 5 1 0 0 0
14 0 5 1 0 0 0
15 0 5 1 0 0 0
16 0 5 1 0 0 0
17 0 5 1 0 0 0
18 0 5 1 0 0 0
19 0 5 1 0 0 0
20 0 5 1 0 0 0
21 0 5 1 0 0 0
22 0 5 1 0 0 0
23 0 5 1 0 0 0
24 0 5 1 0 0 0
25 0 5 1 0 0 0
26 0 5 1 0 0 0
27 0 5 1 0 0 0
28 0 5 1 0 0 0
0 0 6 1 0 0 0
1 0 6 1 0 0 0
2 0 6 1 0 0 0
3 0 6 1 0 0 0
4 0 6 1 0 0 0
5 0 6 1 0 0 0
6 0 6 1 0 0 0
7 0 6 1 0 0 0
8 0 6 1 0 0 0
9 0 6 1 0 0 0
10 0 6 1 0 0 0
11 0 6 1 0 0 0
12 0 6 1 0 0 0
13 0 6 1 0 0 0
14 0 6 1 0 0 0
15 0 6 1 0 0 0
16 0 6 1 0 0 0
17 0 6 1 0 0 0
18 0 6 1 0 0 0
19 0 6 1 0 0 0
20 0 6 1 0 0 0
21 0 6 1 0 0 0
22 0 6 1 0 0 0
23 0 6 1 0 0 0
24 0 6 1 0 0 0
25 0 6 1 0 0 0
26 0 6 1 0 0 0
27 0 6 1 0 0 0
28 0 6 1 0 0 0
0 0 7 1 0 0 0
1 0 7 1 0 0 0
2 0 7 1 0 0 0
3 0 7 1 0 0 0
4 0 7 1 0 0 0
5 0 7 1 0 0 0
6 0 7 1 0 0 0
7 0 7 1 0 0 0
8 0 7 1 0 0 0
9 0 7 1 0 0 0
10 0 7 1 0 0 0
11 0 7 1 0 0 0
12 0 7 1 0 0 0
13 0 7 1 0 0 0
14 0 7 1 0 0 0
15 0 7 1 0 0 0
16 0 7 1 0 0 0
17 0 7 1 0 0 0
18 0 7 1 0 0 0
19 0 7 1 0 0 0
20 0 7 1 0 0 0
21 0 7 1 0 0 0
22 0 7 1 0 0 0
23 0 7 1 0 0 0
24 0 7 1 0 0 0
25 0 7 1 0 0 0
26 0 7 1 0 0 0
27 0 7 1 0 0 0
28 0 7 1 0 0 0
0 0 8 1 0 0 0
1 0 8 1 0 0 0
2 0 8 1 0 0 0
3 0 8 1 0 0 0
4 0 8 1 0 0 0
5 0 8 1 0 0 0
6 0 8 1 0 0 0
7 0 8 1 0 0 0
8 0 8 1 0 0 0
9 0 8 1 0 0 0
10 0 8 1 0 0 0
11 0 8 1 0 0 0
12 0 8 1 0 0 0
13 0 8 1 0 0 0
14 0 8 1 0 0 0
15 0 8 1 0 0 0
16 0 8 1 0 0 0
17 0 8 1 0 0 0
18 0 8 1 0 0 0
19 0 8 1 0 0 0
20 0 8 1 0 0 0
21 0 8 1 0 0 0
22 0 8 1 0 0 0
23 0 8 1 0 0 0
24 0 8 1 0 0 0
25 0 8 1 0 0 0
26 0 8 1 0 0 0
27 0 8 1 0 0 0
28 0 8 1 0 0 0
0 0 9 1 0 0 0
1 0 9 1 0 0 0
2 0 9 1 0 0 0
3 0 9 1 0 0 0
4 0 9 1 0 0 0
5 0 9 1 0 0 0
6 0 9 1 0 0 0
7 0 9 1 0 0 0
8 0 9 1 0 0 0
9 0 9 1 0 0 0
10 0 9 1 0 0 0
11 0 9 1 0 0 0
12 0 9 1 0 0 0
13 0 9 1 0 0 0
14 0 9 1 0 0 0
15 0 9 1 0 0 0
16 0 9 1 0 0 0
17 0 9 1 0 0 0
18 0 9 1 0 0 0
19 0 9 1 0 0 0
20 0 9 1 0 0 0
21 0 9 1 0 0 0
22 0 9 1 0 0 0
23 0 9 1 0 0 0
24 0 9 1 0 0 0
25 0 9 1 0 0 0
26 0 9 1 0 0 0
27 0 9 1 0 0 0
28 0 9 1 0 0 0
0 0 10 1 0 0 0
1 0 10 1 0 0 0
2 0 10 1 0 0 0
3 0 10 1 0 0 0
4 0 10 1 0 0 0
5 0 10 1 0 0 0
6 0 10 1 0 0 0
7 0 10 1 0 0 0
8 0 10 1 0 0 0
9 0 10 1 0 0 0
10 0 10 1 0 0 0
11 0 10 1 0 0 0
12 0 10 1 0 0 0
13 0 10 1 0 0 0
14 0 10 1 0 0 0
15 0 10 1 0 0 0
16 0 10 1 0 0 0
17 0 10 1 0 0 0
18 0 10 1 0 0 0
19 0 10 1 0 0 0
20 0 10 1 0 0 0
21 0 10 1 0 0 0
22 0 10 1 0 0 0
23 0 10 1 0 0 0
24 0 10 1 0 0 0
25 0 10 1 0 0 0
26 0 10 1 0 0 0
27 0 10 1 0 0 0
28 0 10 1 0 0 0
0 0 11 1 0 0 0
1 0 11 1 0 0 0
2 0 11 1 0 0 0
3 0 11 1 0 0 0
4 0 11 1 0 0 0
5 0 11 1 0 0 0
6 0 11 1 0 0 0
7 0 11 1 0 0 0
8 0 11 1 0 0 0
9 0 11 1 0 0 0
10 0 11 1 0 0 0
11 0 11 1 0 0 0
12 0 11 1 0 0 0
13 0 11 1 0 0 0
14 0 11 1 0 0 0
15 0 11 1 0 0 0
16 0 11 1 0 0 0
17 0 11 1 0 0 0
18 0 11 1 0 0 0
19 0 11 1 0 0 0
20 0 11 1 0 0 0
21 0 11 1 0 0 0
22 0 11 1 0 0 0
23 0 11 1 0 0 0
24 0 11 1 0 0 0
25 0 11 1 0 0 0
26 0 11 1 0 0 0
27 0 11 1 0 0 0
28 0 11 1 0 0 0
0 0 12 1 0 0 0
1 0 12 1 0 0 0
2 0 12 1 0 0 0
3 0 12 1 0 0 0
4 0 12 1 0 0 0
5 0 12 1 0 0 0
6 0 12 1 0 0 0
7 0 12 1 0 0 0
8 0 12 1 0 0 0
9 0 12 1 0 0 0
10 0 12 1 0 0 0
11 0 12 1 0 0 0
12 0 12 1 0 0 0
13 0 12 1 0 0 0
14 0 12 1 0 0 0
15 0 12 1 0 0 0
16 0 12 1 0 0 0
17 0 12 1 0 0 0
18 0 12 1 0 0 0
19 0 12 1 0 0 0
20 0 12 1 0 0 0
21 0 12 1 0 0 0
22 0 12 1 0 0 0
23 0 12 1 0 0 0
24 0 12 1 0 0 0
25 0 12 1 0 0 0
26 0 12 1 0 0 0
27 0 12 1 0 0 0
28 0 12 1 0 0 0
0 0 13 1 0 0 0
1 0 13 1 0 0 0
2 0 13 1 0 0 0
3 0 13 1 0 0 0
4 0 13 1 0 0 0
5 0 13 1 0 0 0
6 0 13 1 0 0 0
7 0 13 1 0 0 0
8 0 13 1 0 0 0
9 0 13 1 0 0 0
10 0 13 1 0 0 0
11 0 13 1 0 0 0
12 0 13 1 0 0 0
13 0 13 1 0 0 0
14 0 13 1 0 0 0
15 0 13 1 0 0 0
16 0 13 1 0 0 0
17 0 13 1 0 0 0
18 0 13 1 0 0 0
19 0 13 1 0 0 0
20 0 13 1 0 0 0
21 0 13 1 0 0 0
22 0 13 1 0 0 0
23 0 13 1 0 0 0
24 0 13 1 0 0 0
25 0 13 1 0 0 0
26 0 13 1 0 0 0
27 0 13 1 0 0 0
28 0 13 1 0 0 0
0 0 14 1 0 0 0
1 0 14 1 0 0 0
2 0 14 1 0 0 0
3 0 14 1 0 0 0
4 0 14 1 0 0 0
5 0 14 1 0 0 0
6 0 14 1 0 0 0
7 0 14 1 0 0 0
8 0 14 1 0 0 0
9 0 14 1 0 0 0
10 0 14 1 0 0 0
11 0 14 1 0 0 0
12 0 14 1 0 0 0
13 0 14 1 0 0 0
14 0 14 1 0 0 0
15 0 14 1 0 0 0
16 0 14 1 0 0 0
17 0 14 1 0 0 0
18 0 14 1 0 0 0
19 0 14 1 0 0 0
20 0 14 1 0 0 0
21 0 14 1 0 0 0
22 0 14 1 0 0 0
23 0 14 1 0 0 0
24 0 14 1 0 0 0
25 0 14 1 0 0 0
26 0 14 1 0 0 0
27 0 14 1 0 0 0
28 0 14 1 0 0 0
0 0 15 1 0 0 0
1 0 15 1 0 0 0
2 0 15 1 0 0 0
3 0 15 1 0 0 0
4 0 15 1 0 0 0
5 0 15 1 0 0 0
6 0 15 1 0 0 0
7 0 15 1 0 0 0
8 0 15 1 0 0 0
9 0 15 1 0 0 0
10 0 15 1 0 0 0
11 0 15 1 0 0 0
12 0 15 1 0 0 0
13 0 15 1 0 0 0
14 0 15 1 0 0 0
15 0 15 1 0 0 0
16 0 15 1 0 0 0
17 0 15 1 0 0 0
18 0 15 1 0 0 0
19 0 15 1 0 0 0
20 0 15 1 0 0 0
21 0 15 1 0 0 0
22 0 15 1 0 0 0
23 0 15 1 0 0 0
24 0 15 1 0 0 0
25 0 15 1 0 0 0
26 0 15 1 0 0 0
27 0 15 1 0 0 0
28 0 15 1 0 0 0
0 0 16 1 0 0 0
1 0 16 1 0 0 0
2 0 16 1 0 0 0
3 0 16 1 0 0 0
4 0 16 1 0 0 0
5 0 16 1 0 0 0
6 0 16 1 0 0 0
7 0 16 1 0 0 0
8 0 16 1 0 0 0
9 0 16 1 0 0 0
10 0 16 1 0 0 0
11 0 16 1 0 0 0
12 0 16 1 0 0 0
13 0 16 1 0 0 0
14 0 16 1 0 0 0
15 0 16 1 0 0 0
16 0 16 1 0 0 0
17 0 16 1 0 0 0
18 0 16 1 0 0 0
19 0 16 1 0 0 0
20 0 16 1 0 0 0
21 0 16 1 0 0 0
22 0 16 1 0 0 0
23 0 16 1 0 0 0
24 0 16 1 0 0 0
25 0 16 1 0 0 0
26 0 16 1 0 0 0
27 0 16 1 0 0 0
28 0 16 1 0 0 0
0 0 17 1 0 0 0
1 0 17 1 0 0 0
2 0 17 1 0 0 0
3 0 17 1 0 0 0
4 0 17 1 0 0 0
5 0 17 1 0 0 0
6 0 17 1 0 0 0
7 0 17 1 0 0 0
8 0 17 1 0 0 0
9 0 17 1 0 0 0
10 0 17 1 0 0 0
11 0 17 1 0 0 0
12 0 17 1 0 0 0
13 0 17 1 0 0 0
14 0 17 1 0 0 0
15 0 17 1 0 0 0
16 0 17 1 0 0 0
17 0 17 1 0 0 0
18 0 17 1 0 0 0
19 0 17 1 0 0 0
20 0 17 1 0 0 0
21 0 17 1 0 0 0
22 0 17 1 0 0 0
23 0 17 1 0 0 0
24 0 17 1 0 0 0
25 0 17 1 0 0 0
26 0 17 1 0 0 0
27 0 17 1 0 0 0
28 0 17 1 0 0 0
0 0 18 1 0 0 0
1 0 18 1 0 0 0
2 0 18 1 0 0 0
3 0 18 1 0 0 0
4 0 18 1 0 0 0
5 0 18 1 0 0 0
6 0 18 1 0 0 0
7 0 18 1 0 0 0
8 0 18 1 0 0 0
9 0 18 1 0 0 0
10 0 18 1 0 0 0
11 0 18 1 0 0 0
12 0 18 1 0 0 0
13 0 18 1 0 0 0
14 0 18 1 0 0 0
15 0 18 1 0 0 0
16 0 18 1 0 0 0
17 0 18 1 0 0 0
18 0 18 1 0 0 0
19 0 18 1 0 0 0
20 0 18 1 0 0 0
21 0 18 1 0 0 0
22 0 18 1 0 0 0
23 0 18 1 0 0 0
24 0 18 1 0 0 0
25 0 18 1 0 0 0
26 0 18 1 0 0 0
27 0 18 1 0 0 0
28 0 18 1 0 0 0
0 0 19 1 0 0 0
1 0 19 1 0 0 0
2 0 19 1 0 0 0
3 0 19 1 0 0 0
4 0 19 1 0 0 0
5 0 19 1 0 0 0
6 0 19 1 0 0 0
7 0 19 1 0 0 0
8 0 19 1 0 0 0
9 0 19 1 0 0 0
10 0 19 1 0 0 0
11 0 19 1 0 0 0
12 0 19 1 0 0 0
13 0 19 1 0 0 0
14 0 19 1 0 0 0
15 0 19 1 0 0 0
16 0 19 1 0 0 0
17 0 19 1 0 0 0
18 0 19 1 0 0 0
19 0 19 1 0 0 0
20 0 19 1 0 0 0
21 0 19 1 0 0 0
22 0 19 1 0 0 0
23 0 19 1 0 0 0
24 0 19 1 0 0 0
25 0 19 1 0 0 0
26 0 19 1 0 0 0
27 0 19 1 0 0 0
28 0 19 1 0 0 0
0 0 20 1 0 0 0
1 0 20 1 0 0 0
2 0 20 1 0 0 0
3 0 20 1 0 0 0
4 0 20 1 0 0 0
5 0 20 1 0 0 0
6 0 20 1 0 0 0
7 0 20 1 0 0 0
8 0 20 1 0 0 0
9 0 20 1 0 0 0
10 0 20 1 0 0 0
11 0 20 1 0 0 0
12 0 20 1 0 0 0
13 0 20 1 0 0 0
14 0 20 1 0 0 0
15 0 20 1 0 0 0
16 0 20 1 0 0 0
17 0 20 1 0 0 0
18 0 20 1 0 0 0
19 0 20 1 0 0 0
20 0 20 1 0 0 0
21 0 20 1 0 0 0
22 0 20 1 0 0 0
23 0 20 1 0 0 0
24 0 20 1 0 0 0
25 0 20 1 0 0 0
26 0 20 1 0 0 0
27 0 20 1 0 0 0
28 0 20 1 0 0 0
0 0 21 1 0 0 0
1 0 21 1 0 0 0
2 0 21 1 0 0 0
3 0 21 1 0 0 0
4 0 21 1 0 0 0
5 0 21 1 0 0 0
6 0 21 1 0 0 0
7 0 21 1 0 0 0
8 0 21 1 0 0 0
9 0 21 1 0 0 0
10 0 21 1 0 0 0
11 0 21 1 0 0 0
12 0 21 1 0 0 0
13 0 21 1 0 0 0
14 0 21 1 0 0 0
15 0 21 1 0 0 0
16 0 21 1 0 0 0
17 0 21 1 0 0 0
18 0 21 1 0 0 0
19 0 21 1 0 0 0
20 0 21 1 0 0 0
21 0 21 1 0 0 0
22 0 21 1 0 0 0
23 0 21 1 0 0 0
24 0 21 1 0 0 0
25 0 21 1 0 0 0
26 0 21 1 0 0 0
27 0 21 1 0 0 0
28 0 21 1 0 0 0
0 0 22 1 0 0 0
1 0 22 1 0 0 0
2 0 22 1 0 0 0
3 0 22 1 0 0 0
4 0 22 1 0 0 0
5 0 22 1 0 0 0
6 0 22 1 0 0 0
7 0 22 1 0 0 0
8 0 22 1 0 0 0
9 0 22 1 0 0 0
10 0 22 1 0 0 0
11 0 22 1 0 0 0
12 0 22 1 0 0 0
13 0 22 1 0 0 0
14 0 22 1 0 0 0
15 0 22 1 0 0 0
16 0 22 1 0 0 0
17 0 22 1 0 0 0
18 0 22 1 0 0 0
19 0 22 1 0 0 0
20 0 22 1 0 0 0
21 0 22 1 0 0 0
22 0 22 1 0 0 0
23 0 22 1 0 0 0
24 0 22 1 0 0 0
25 0 22 1 0 0 0
26 0 22 1 0 0 0
27 0 22 1 0 0 0
28 0 22 1 0 0 0
0 0 23 1 0 0 0
1 0 23 1 0 0 0
2 0 23 1 0 0 0
3 0 23 1 0 0 0
4 0 23 1 0 0 0
5 0 23 1 0 0 0
6 0 23 1 0 0 0
7 0 23 1 0 0 0
8 0 23 1 0 0 0
9 0 23 1 0 0 0
10 0 23 1 0 0 0
11 0 23 1 0 0 0
12 0 23 1 0 0 0
13 0 23 1 0 0 0
14 0 23 1 0 0 0
15 0 23 1 0 0 0
16 0 23 1 0 0 0
17 0 23 1 0 0 0
18 0 23 1 0 0 0
19 0 23 1 0 0 0
20 0 23 1 0 0 0
21 0 23 1 0 0 0
22 0 23 1 0 0 0
23 0 23 1 0 0 0
24 0 23 1 0 0 0
25 0 23 1 0 0 0
26 0 23 1 0 0 0
27 0 23 1 0 0 0
28 0 23 1 0 0 0
0 0 24 1 0 0 0
1 0 24 1 0 0 0
2 0 24 1 0 0 0
3 0 24 1 0 0 0
4 0 24 1 0 0 0
5 0 24 1 0 0 0
6 0 24 1 0 0 0
7 0 24 1 0 0 0
8 0 24 1 0 0 0
9 0 24 1 0 0 0
10 0 24 1 0 0 0
11 0 24 1 0 0 0
12 0 24 1 0 0 0
13 0 24 1 0 0 0
14 0 24 1 0 0 0
15 0 24 1 0 0 0
16 0 24 1 0 0 0
17 0 24 1 0 0 0
18 0 24 1 0 0 0
19 0 24 1 0 0 0
20 0 24 1 0 0 0
21 0 24 1 0 0 0
22 0 24 1 0 0 0
23 0 24 1 0 0 0
24 0 24 1 0 0 0
25 0 24 1 0 0 0
26 0 24 1 0 0 0
27 0 24 1 0 0 0
28 0 24 1 0 0 0
0 0 25 1 0 0 0
1 0 25 1 0 0 0
2 0 25 1 0 0 0
3 0 25 1 0 0 0
4 0 25 1 0 0 0
5 0 25 1 0 0 0
6 0 25 1 0 0 0
7 0 25 1 0 0 0
8 0 25 1 0 0 0
9 0 25 1 0 0 0
10 0 25 1 0 0 0
11 0 25 1 0 0 0
12 0 25 1 0 0 0
13 0 25 1 0 0 0
14 0 25 1 0 0 0
15 0 25 1 0 0 0
16 0 25 1 0 0 0
17 0 25 1 0 0 0
18 0 25 1 0 0 0
19 0 25 1 0 0 0
20 0 25 1 0 0 0
21 0 25 1 0 0 0
22 0 25 1 0 0 0
23 0 25 1 0 0 0
24 0 25 1 0 0 0
25 0 25 1 0 0 0
26 0 25 1 0 0 0
27 0 25 1 0 0 0
28 0 25 1 0 0 0
0 0 26 1 0 0 0
1 0 26 1 0 0 0
2 0 26 1 0 0 0
3 0 26 1 0 0 0
4 0 26 1 0 0 0
5 0 26 1 0 0 0
6 0 26 1 0 0 0
7 0 26 1 0 0 0
8 0 26 1 0 0 0
9 0 26 1 0 0 0
10 0 26 1 0 0 0
11 0 26 1 0 0 0
12 0 26 1 0 0 0
13 0 26 1 0 0 0
14 0 26 1 0 0 0
15 0 26 1 0 0 0
16 0 26 1 0 0 0
17 0 26 1 0 0 0
18 0 26 1 0 0 0
19 0 26 1 0 0 0
20 0 26 1 0 0 0
21 0 26 1 0 0 0
22 0 26 1 0 0 0
23 0 26 1 0 0 0
24 0 26 1 0 0 0
25 0 26 1 0 0 0
26 0 26 1 0 0 0
27 0 26 1 0 0 0
28 0 26 1 0 0 0
0 0 27 1 0 0 0
1 0 27 1 0 0 0
2 0 27 1 0 0 0
3 0 27 1 0 0 0
4 0 27 1 0 0 0
5 0 27 1 0 0 0
6 0 27 1 0 0 0
7 0 27 1 0 0 0
8 0 27 1 0 0 0
9 0 27 1 0 0 0
10 0 27 1 0 0 0
11 0 27 1 0 0 0
12 0 27 1 0 0 0
13 0 27 1 0 0 0
14 0 27 1 0 0 0
15 0 27 1 0 0 0
16 0 27 1 0 0 0
17 0 27 1 0 0 0
18 0 27 1 0 0 0
19 0 27 1 0 0 0
20 0 27 1 0 0 0
21 0 27 1 0 0 0
22 0 27 1 0 0 0
23 0 27 1 0 0 0
24 0 27 1 0 0 0
25 0 27 1 0 0 0
26 0 27 1 0 0 0
27 0 27 1 0 0 0
28 0 27 1 0 0 0
0 0 28 1 0 0 0
1 0 28 1 0 0 0
2 0 28 1 0 0 0
3 0 28 1 0 0 0
4 0 28 1 0 0 0
5 0 28 1 0 0 0
6 0 28 1 0 0 0
7 0 28 1 0 0 0
8 0 28 1 0 0 0
9 0 28 1 0 0 0
10 0 28 1 0 0 0
11 0 28 1 0 0 0
12 0 28 1 0 0 0
13 0 28 1 0 0 0
14 0 28 1 0 0 0
15 0 28 1 0 0 0
16 0 28 1 0 0 0
17 0 28 1 0 0 0
18 0 28 1 0 0 0
19 0 28 1 0 0 0
20 0 28 1 0 0 0
21 0 28 1 0 0 0
22 0 28 1 0 0 0
23 0 28 1 0 0 0
24 0 28 1 0 0 0
25 0 28 1 0 0 0
26 0 28 1 0 0 0
27 0 28 1 0 0 0
28 0 28 1 0 0 0
0 0 29 1 0 0 0
1 0 29 1 0 0 0
2 0 29 1 0 0 0
3 0 29 1 0 0 0
4 0 29 1 0 0 0
5 0 29 1 0 0 0
6 0 29 1 0 0 0
7 0 29 1 0 0 0
8 0 29 1 0 0 0
9 0 29 1 0 0 0
10 0 29 1 0 0 0
11 0 29 1 0 0 0
12 0 29 1 0 0 0
13 0 29 1 0 0 0
14 0 29 1 0 0 0
15 0 29 1 0 0 0
16 0 29 1 0 0 0
17 0 29 1 0 0 0
18 0 29 1 0 0 0
19 0 29 1 0 0 0
20 0 29 1 0 0 0
21 0 29 1 0 0 0
22 0 29 1 0 0 0
23 0 29 1 0 0 0
24 0 29 1 0 0 0
25 0 29 1 0 0 0
26 0 29 1 0 0 0
27 0 29 1 0 0 0
28 0 29 1 0 0 0
0 0 30 1 0 0 0
1 0 30 1 0 0 0
2 0 30 1 0 0 0
3 0 30 1 0 0 0
4 0 30 1 0 0 0
5 0 30 1 0 0 0
6 0 30 1 0 0 0
7 0 30 1 0 0 0
8 0 30 1 0 0 0
9 0 30 1 0 0 0
10 0 30 1 0 0 0
11 0 30 1 0 0 0
12 0 30 1 0 0 0
13 0 30 1 0 0 0
14 0 30 1 0 0 0
15 0 30 1 0 0 0
16 0 30 1 0 0 0
17 0 30 1 0 0 0
18 0 30 1 0 0 0
19 0 30 1 0 0 0
20 0 30 1 0 0 0
21 0 30 1 0 0 0
22 0 30 1 0 0 0
23 0 30 1 0 0 0
24 0 30 1 0 0 0
25 0 30 1 0 0 0
26 0 30 1 0 0 0
27 0 30 1 0 0 0
28 0 30 1 0 0 0
0 0 31 1 0 0 0
1 0 31 1 0 0 0
2 0 31 1 0 0 0
3 0 31 1 0 0 0
4 0 31 1 0 0 0
5 0 31 1 0 0 0
6 0 31 1 0 0 0
7 0 31 1 0 0 0
8 0 31 1 0 0 0
9 0 31 1 0 0 0
10 0 31 1 0 0 0
11 0 31 1 0 0 0
12 0 31 1 0 0 0
13 0 31 1 0 0 0
14 0 31 1 0 0 0
15 0 31 1 0 0 0
16 0 31 1 0 0 0
17 0 31 1 0 0 0
18 0 31 1 0 0 0
19 0 31 1 0 0 0
20 0 31 1 0 0 0
21 0 31 1 0 0 0
22 0 31 1 0 0 0
23 0 31 1 0 0 0
24 0 31 1 0 0 0
25 0 31 1 0 0 0
26 0 31 1 0 0 0
27 0 31 1 0 0 0
28 0 31 1 0 0 0
0 0 32 1 0 0 0
1 0 32 1 0 0 0
2 0 32 1 0 0 0
3 0 32 1 0 0 0
4 0 32 1 0 0 0
5 0 32 1 0 0 0
6 0 32 1 0 0 0
7 0 32 1 0 0 0
8 0 32 1 0 0 0
9 0 32 1 0 0 0
10 0 32 1 0 0 0
11 0 32 1 0 0 0
12 0 32 1 0 0 0
13 0 32 1 0 0 0
14 0 32 1 0 0 0
15 0 32 1 0 0 0
16 0 32 1 0 0 0
17 0 32 1 0 0 0
18 0 32 1 0 0 0
19 0 32 1 0 0 0
20 0 32 1 0 0 0
21 0 32 1 0 0 0
22 0 32 1 0 0 0
23 0 32 1 0 0 0
24 0 32 1 0 0 0
25 0 32 1 0 0 0
26 0 32 1 0 0 0
27 0 32 1 0 0 0
28 0 32 1 0 0 0
0 1 0 2 0 0 0
1 1 0 2 0 0 0
2 1 0 2 0 0 0
3 1 0 2 0 0 0
4 1 0 2 0 0 0
5 1 0 2 0 0 0
6 1 0 2 0 0 0
7 1 0 2 0 0 0
8 1 0 2 0 0 0
9 1 0 2 0 0 0
10 1 0 2 0 0 0
11 1 0 2 0 0 0
12 1 0 2 0 0 0
13 1 0 2 0 0 0
14 1 0 2 0 0 0
15 1 0 2 0 0 0
16 1 0 2 0 0 0
17 1 0 2 0 0 0
18 1 0 2 0 0 0
19 1 0 2 0 0 0
20 1 0 2 0 0 0
21 1 0 2 0 0 0
22 1 0 2 0 0 0
23 1 0 2 0 0 0
24 1 0 2 0 0 0
25 1 0 2 0 0 0
26 1 0 2 0 0 0
27 1 0 2 0 0 0
28 1 0 2 0 0 0
0 1 1 2 0 0 0
4 1 1 2 0 0 0
8 1 1 24 0 0 0
12 1 1 24 0 0 0
16 1 1 25 0 0 0
28 1 1 2 0 0 0
0 1 2 2 0 0 0
2 1 2 7 0 0 0
4 1 2 2 0 0 0
8 1 2 24 0 0 0
10 1 2 23 0 0 0
12 1 2 24 0 0 0
16 1 2 25 0 0 0
20 1 2 10 0 0 2
24 1 2 10 0 0 2
28 1 2 2 0 0 0
0 1 3 2 0 0 0
4 1 3 2 0 0 0
8 1 3 24 0 0 0
12 1 3 24 0 0 0
16 1 3 25 0 0 0
28 1 3 2 0 0 0
0 1 4 2 0 0 0
2 1 4 10 0 0 2
4 1 4 2 0 0 0
5 1 4 24 0 0 0
6 1 4 24 0 0 0
7 1 4 24 0 0 0
8 1 4 2 0 0 0
9 1 4 25 0 0 0
10 1 4 25 0 0 0
11 1 4 25 0 0 0
12 1 4 2 0 0 0
13 1 4 24 0 0 0
14 1 4 24 0 0 0
15 1 4 24 0 0 0
16 1 4 2 0 0 0
18 1 4 10 0 0 2
20 1 4 2 0 0 0
24 1 4 2 0 0 0
26 1 4 10 0 0 2
28 1 4 2 0 0 0
0 1 5 2 0 0 0
4 1 5 24 0 0 0
8 1 5 25 0 0 0
12 1 5 25 0 0 0
16 1 5 25 0 0 0
28 1 5 2 0 0 0
0 1 6 2 0 0 0
2 1 6 23 0 0 0
4 1 6 24 0 0 0
8 1 6 25 0 0 0
12 1 6 25 0 0 0
14 1 6 23 0 0 0
16 1 6 25 0 0 0
20 1 6 10 0 0 2
28 1 6 2 0 0 0
0 1 7 2 0 0 0
4 1 7 24 0 0 0
8 1 7 25 0 0 0
12 1 7 25 0 0 0
16 1 7 25 0 0 0
28 1 7 2 0 0 0
0 1 8 2 0 0 0
1 1 8 25 0 0 0
2 1 8 25 0 0 0
3 1 8 25 0 0 0
4 1 8 2 0 0 0
5 1 8 2 0 0 0
6 1 8 2 0 0 0
7 1 8 2 0 0 0
8 1 8 2 0 0 0
9 1 8 24 0 0 0
10 1 8 24 0 0 0
11 1 8 24 0 0 0
12 1 8 2 0 0 0
13 1 8 24 0 0 0
14 1 8 24 0 0 0
15 1 8 24 0 0 0
16 1 8 2 0 0 0
20 1 8 2 0 0 0
22 1 8 10 0 0 2
24 1 8 2 0 0 0
26 1 8 10 0 0 2
28 1 8 2 0 0 0
0 1 9 2 0 0 0
4 1 9 24 0 0 0
8 1 9 25 0 0 0
12 1 9 25 0 0 0
16 1 9 24 0 0 0
28 1 9 2 0 0 0
0 1 10 2 0 0 0
4 1 10 24 0 0 0
6 1 10 23 0 0 0
8 1 10 25 0 0 0
12 1 10 25 0 0 0
14 1 10 23 0 0 0
16 1 10 24 0 0 0
20 1 10 10 0 0 2
28 1 10 2 0 0 0
0 1 11 2 0 0 0
4 1 11 24 0 0 0
8 1 11 25 0 0 0
12 1 11 25 0 0 0
16 1 11 24 0 0 0
28 1 11 2 0 0 0
0 1 12 2 0 0 0
1 1 12 24 0 0 0
2 1 12 24 0 0 0
3 1 12 24 0 0 0
4 1 12 2 0 0 0
5 1 12 2 0 0 0
6 1 12 2 0 0 0
7 1 12 2 0 0 0
8 1 12 2 0 0 0
9 1 12 24 0 0 0
10 1 12 24 0 0 0
11 1 12 24 0 0 0
12 1 12 2 0 0 0
13 1 12 24 0 0 0
14 1 12 24 0 0 0
15 1 12 24 0 0 0
16 1 12 2 0 0 0
18 1 12 10 0 0 2
20 1 12 2 0 0 0
24 1 12 2 0 0 0
26 1 12 10 0 0 2
28 1 12 2 0 0 0
0 1 13 2 0 0 0
4 1 13 25 0 0 0
28 1 13 2 0 0 0
0 1 14 2 0 0 0
4 1 14 25 0 0 0
6 1 14 23 0 0 0
8 1 14 10 0 0 2
16 1 14 10 0 0 2
20 1 14 2 0 0 0
28 1 14 2 0 0 0
0 1 15 2 0 0 0
4 1 15 25 0 0 0
28 1 15 2 0 0 0
0 1 16 2 0 0 0
1 1 16 24 0 0 0
2 1 16 24 0 0 0
3 1 16 24 0 0 0
4 1 16 2 0 0 0
6 1 16 10 0 0 2
8 1 16 2 0 0 0
10 1 16 10 0 0 2
12 1 16 2 0 0 0
14 1 16 10 0 0 2
16 1 16 2 0 0 0
18 1 16 2 0 0 0
20 1 16 2 0 0 0
22 1 16 2 0 0 0
24 1 16 2 0 0 0
26 1 16 10 0 0 2
28 1 16 2 0 0 0
0 1 17 2 0 0 0
28 1 17 2 0 0 0
0 1 18 2 0 0 0
4 1 18 10 0 0 2
12 1 18 10 0 0 2
13 1 18 10 0 0 2
16 1 18 10 0 0 2
20 1 18 10 0 0 2
23 1 18 10 0 0 2
24 1 18 2 0 0 0
26 1 18 23 0 0 0
28 1 18 2 0 0 0
0 1 19 2 0 0 0
14 1 19 10 0 0 2
28 1 19 2 0 0 0
0 1 20 2 0 0 0
4 1 20 2 0 0 0
8 1 20 2 0 0 0
12 1 20 2 0 0 0
14 1 20 10 0 0 2
16 1 20 2 0 0 0
18 1 20 2 0 0 0
20 1 20 2 0 0 0
24 1 20 2 0 0 0
26 1 20 2 0 0 0
28 1 20 2 0 0 0
0 1 21 2 0 0 0
28 1 21 2 0 0 0
0 1 22 2 0 0 0
8 1 22 10 0 0 2
12 1 22 10 0 0 2
24 1 22 2 0 0 0
28 1 22 2 0 0 0
0 1 23 2 0 0 0
28 1 23 2 0 0 0
0 1 24 2 0 0 0
4 1 24 2 0 0 0
6 1 24 10 0 0 2
8 1 24 2 0 0 0
12 1 24 2 0 0 0
16 1 24 2 0 0 0
18 1 24 2 0 0 0
20 1 24 2 0 0 0
22 1 24 2 0 0 0
24 1 24 2 0 0 0
28 1 24 2 0 0 0
0 1 25 2 0 0 0
28 1 25 2 0 0 0
0 1 26 2 0 0 0
12 1 26 2 0 0 0
16 1 26 2 0 0 0
24 1 26 2 0 0 0
28 1 26 2 0 0 0
0 1 27 2 0 0 0
28 1 27 2 0 0 0
0 1 28 2 0 0 0
1 1 28 2 0 0 0
2 1 28 2 0 0 0
3 1 28 2 0 0 0
4 1 28 2 0 0 0
6 1 28 10 0 0 2
8 1 28 2 0 0 0
10 1 28 2 0 0 0
12 1 28 2 0 0 0
16 1 28 2 0 0 0
20 1 28 2 0 0 0
24 1 28 2 0 0 0
25 1 28 10 0 0 1
26 1 28 10 0 0 1
27 1 28 10 0 0 1
28 1 28 2 0 0 0
0 1 29 2 0 0 0
24 1 29 2 0 0 0
28 1 29 2 0 0 0
0 1 30 2 0 0 0
2 1 30 9 0 0 1
4 1 30 2 0 0 0
8 1 30 2 0 0 0
24 1 30 2 0 0 0
26 1 30 6 0 0 0
28 1 30 2 0 0 0
0 1 31 2 0 0 0
24 1 31 2 0 0 0
28 1 31 2 0 0 0
0 1 32 2 0 0 0
1 1 32 2 0 0 0
2 1 32 2 0 0 0
3 1 32 2 0 0 0
4 1 32 2 0 0 0
5 1 32 2 0 0 0
6 1 32 2 0 0 0
7 1 32 2 0 0 0
8 1 32 2 0 0 0
9 1 32 2 0 0 0
10 1 32 2 0 0 0
11 1 32 2 0 0 0
12 1 32 2 0 0 0
13 1 32 2 0 0 0
14 1 32 2 0 0 0
15 1 32 2 0 0 0
16 1 32 2 0 0 0
17 1 32 2 0 0 0
18 1 32 2 0 0 0
19 1 32 2 0 0 0
20 1 32 2 0 0 0
21 1 32 2 0 0 0
22 1 32 2 0 0 0
23 1 32 2 0 0 0
24 1 32 2 0 0 0
25 1 32 2 0 0 0
26 1 32 2 0 0 0
27 1 32 2 0 0 0
28 1 32 2 0 0 0
0 2 0 2 0 0 0
1 2 0 2 0 0 0
2 2 0 2 0 0 0
3 2 0 2 0 0 0
4 2 0 2 0 0 0
5 2 0 2 0 0 0
6 2 0 2 0 0 0
7 2 0 2 0 0 0
8 2 0 2 0 0 0
9 2 0 2 0 0 0
10 2 0 2 0 0 0
11 2 0 2 0 0 0
12 2 0 2 0 0 0
13 2 0 2 0 0 0
14 2 0 2 0 0 0
15 2 0 2 0 0 0
16 2 0 2 0 0 0
17 2 0 2 0 0 0
18 2 0 2 0 0 0
19 2 0 2 0 0 0
20 2 0 2 0 0 0
21 2 0 2 0 0 0
22 2 0 2 0 0 0
23 2 0 2 0 0 0
24 2 0 2 0 0 0
25 2 0 2 0 0 0
26 2 0 2 0 0 0
27 2 0 2 0 0 0
28 2 0 2 0 0 0
0 2 1 2 0 0 0
4 2 1 2 0 0 0
8 2 1 24 0 0 0
12 2 1 24 0 0 0
16 2 1 25 0 0 0
28 2 1 2 0 0 0
0 2 2 2 0 0 0
4 2 2 2 0 0 0
8 2 2 24 0 0 0
12 2 2 24 0 0 0
16 2 2 25 0 0 0
28 2 2 2 0 0 0
0 2 3 2 0 0 0
4 2 3 2 0 0 0
8 2 3 24 0 0 0
12 2 3 24 0 0 0
16 2 3 25 0 0 0
28 2 3 2 0 0 0
0 2 4 2 0 0 0
4 2 4 2 0 0 0
5 2 4 24 0 0 0
6 2 4 24 0 0 0
7 2 4 24 0 0 0
8 2 4 2 0 0 0
9 2 4 25 0 0 0
10 2 4 25 0 0 0
11 2 4 25 0 0 0
12 2 4 2 0 0 0
13 2 4 24 0 0 0
14 2 4 24 0 0 0
15 2 4 24 0 0 0
16 2 4 2 0 0 0
20 2 4 2 0 0 0
24 2 4 2 0 0 0
28 2 4 2 0 0 0
0 2 5 2 0 0 0
4 2 5 24 0 0 0
8 2 5 25 0 0 0
12 2 5 25 0 0 0
16 2 5 25 0 0 0
28 2 5 2 0 0 0
0 2 6 2 0 0 0
4 2 6 24 0 0 0
8 2 6 25 0 0 0
12 2 6 25 0 0 0
16 2 6 25 0 0 0
28 2 6 2 0 0 0
0 2 7 2 0 0 0
4 2 7 24 0 0 0
8 2 7 25 0 0 0
12 2 7 25 0 0 0
16 2 7 25 0 0 0
28 2 7 2 0 0 0
0 2 8 2 0 0 0
1 2 8 25 0 0 0
2 2 8 25 0 0 0
3 2 8 25 0 0 0
4 2 8 2 0 0 0
5 2 8 2 0 0 0
6 2 8 2 0 0 0
7 2 8 2 0 0 0
8 2 8 2 0 0 0
9 2 8 24 0 0 0
10 2 8 24 0 0 0
11 2 8 24 0 0 0
12 2 8 2 0 0 0
13 2 8 24 0 0 0
14 2 8 24 0 0 0
15 2 8 24 0 0 0
16 2 8 2 0 0 0
20 2 8 2 0 0 0
24 2 8 2 0 0 0
28 2 8 2 0 0 0
0 2 9 2 0 0 0
4 2 9 24 0 0 0
8 2 9 25 0 0 0
12 2 9 25 0 0 0
16 2 9 24 0 0 0
28 2 9 2 0 0 0
0 2 10 2 0 0 0
4 2 10 24 0 0 0
8 2 10 25 0 0 0
12 2 10 25 0 0 0
16 2 10 24 0 0 0
28 2 10 2 0 0 0
0 2 11 2 0 0 0
4 2 11 24 0 0 0
8 2 11 25 0 0 0
12 2 11 25 0 0 0
16 2 11 24 0 0 0
28 2 11 2 0 0 0
0 2 12 2 0 0 0
1 2 12 24 0 0 0
2 2 12 24 0 0 0
3 2 12 24 0 0 0
4 2 12 2 0 0 0
5 2 12 2 0 0 0
6 2 12 2 0 0 0
7 2 12 2 0 0 0
8 2 12 2 0 0 0
9 2 12 24 0 0 0
10 2 12 24 0 0 0
11 2 12 24 0 0 0
12 2 12 2 0 0 0
13 2 12 24 0 0 0
14 2 12 24 0 0 0
15 2 12 24 0 0 0
16 2 12 2 0 0 0
20 2 12 2 0 0 0
24 2 12 2 0 0 0
28 2 12 2 0 0 0
0 2 13 2 0 0 0
4 2 13 25 0 0 0
28 2 13 2 0 0 0
0 2 14 2 0 0 0
4 2 14 25 0 0 0
28 2 14 2 0 0 0
0 2 15 2 0 0 0
4 2 15 25 0 0 0
28 2 15 2 0 0 0
0 2 16 2 0 0 0
1 2 16 24 0 0 0
2 2 16 24 0 0 0
3 2 16 24 0 0 0
4 2 16 2 0 0 0
8 2 16 2 0 0 0
12 2 16 2 0 0 0
16 2 16 2 0 0 0
20 2 16 2 0 0 0
24 2 16 2 0 0 0
28 2 16 2 0 0 0
0 2 17 2 0 0 0
28 2 17 2 0 0 0
0 2 18 2 0 0 0
28 2 18 2 0 0 0
0 2 19 2 0 0 0
28 2 19 2 0 0 0
0 2 20 2 0 0 0
4 2 20 2 0 0 0
8 2 20 2 0 0 0
12 2 20 2 0 0 0
16 2 20 2 0 0 0
20 2 20 2 0 0 0
24 2 20 2 0 0 0
28 2 20 2 0 0 0
0 2 21 2 0 0 0
28 2 21 2 0 0 0
0 2 22 2 0 0 0
28 2 22 2 0 0 0
0 2 23 2 0 0 0
28 2 23 2 0 0 0
0 2 24 2 0 0 0
4 2 24 2 0 0 0
8 2 24 2 0 0 0
12 2 24 2 0 0 0
16 2 24 2 0 0 0
20 2 24 2 0 0 0
24 2 24 2 0 0 0
28 2 24 2 0 0 0
0 2 25 2 0 0 0
28 2 25 2 0 0 0
0 2 26 2 0 0 0
28 2 26 2 0 0 0
0 2 27 2 0 0 0
28 2 27 2 0 0 0
0 2 28 2 0 0 0
1 2 28 2 0 0 0
2 2 28 2 0 0 0
3 2 28 2 0 0 0
4 2 28 2 0 0 0
8 2 28 2 0 0 0
12 2 28 2 0 0 0
16 2 28 2 0 0 0
20 2 28 2 0 0 0
24 2 28 2 0 0 0
25 2 28 10 0 0 1
26 2 28 10 0 0 1
27 2 28 10 0 0 1
28 2 28 2 0 0 0
0 2 29 2 0 0 0
24 2 29 2 0 0 0
28 2 29 2 0 0 0
0 2 30 2 0 0 0
24 2 30 2 0 0 0
28 2 30 2 0 0 0
0 2 31 2 0 0 0
24 2 31 2 0 0 0
28 2 31 2 0 0 0
0 2 32 2 0 0 0
1 2 32 2 0 0 0
2 2 32 2 0 0 0
3 2 32 2 0 0 0
4 2 32 2 0 0 0
5 2 32 2 0 0 0
6 2 32 2 0 0 0
7 2 32 2 0 0 0
8 2 32 2 0 0 0
9 2 32 2 0 0 0
10 2 32 2 0 0 0
11 2 32 2 0 0 0
12 2 32 2 0 0 0
13 2 32 2 0 0 0
14 2 32 2 0 0 0
15 2 32 2 0 0 0
16 2 32 2 0 0 0
17 2 32 2 0 0 0
18 2 32 2 0 0 0
19 2 32 2 0 0 0
20 2 32 2 0 0 0
21 2 32 2 0 0 0
22 2 32 2 0 0 0
23 2 32 2 0 0 0
24 2 32 2 0 0 0
25 2 32 2 0 0 0
26 2 32 2 0 0 0
27 2 32 2 0 0 0
28 2 32 2 0 0 0
8 3 2 10 0 0 2
6 3 4 10 0 0 2
10 3 4 10 0 0 2
4 3 6 10 0 0 2
12 3 6 10 0 0 2
14 3 8 10 0 0 2
4 3 10 10 0 0 2
8 3 10 10 0 0 2
12 3 10 10 0 0 2
2 3 12 10 0 0 2
2 3 16 10 0 0 2
