16 8 16
PRESET "Tempest Storm"
ENVIRONMENT 0.012 0.018 0.045 1 0.18 0.62 0.82 1 0.35 -1 0.2
PART 1 2 0.9 0.3 0.3 L-SHIELD
PARTCELL 1 0 0 0 2
PARTCELL 1 1 0 0 2
PARTCELL 1 2 0 0 2
PARTCELL 1 2 1 0 2
PARTCELL 1 2 2 0 2
PART 2 2 0.9 0.8 0.2 T-BRIDGE
PARTCELL 2 1 0 0 2
PARTCELL 2 1 1 0 2
PARTCELL 2 0 2 0 2
PARTCELL 2 1 2 0 2
PARTCELL 2 2 2 0 2
PART 3 2 0.2 0.7 0.9 LADDER-WALL
PARTCELL 3 0 0 0 3
PARTCELL 3 1 0 0 2
PARTCELL 3 0 1 0 3
PARTCELL 3 1 1 0 2
PARTCELL 3 0 2 0 3
PARTCELL 3 1 2 0 2
PART 4 2 0.4 0.9 0.4 MY PART A
PARTCELL 4 0 0 0 2
PART 5 2 0.8 0.4 0.9 MY PART B
PARTCELL 5 0 0 0 3
0 0 0 1 0 0 0
1 0 0 1 0 0 0
2 0 0 1 0 0 0
3 0 0 1 0 0 0
4 0 0 1 0 0 0
0 0 1 1 0 0 0
1 0 1 1 0 0 0
2 0 1 1 0 0 0
3 0 1 1 0 0 0
4 0 1 1 0 0 0
0 0 2 1 0 0 0
1 0 2 1 0 0 0
2 0 2 1 0 0 0
3 0 2 1 0 0 0
4 0 2 1 0 0 0
3 0 3 2 0 0 0
4 0 3 2 0 0 0
5 0 3 2 0 0 0
6 0 3 2 0 0 0
7 0 3 2 0 0 0
3 0 4 2 0 0 0
7 0 4 2 0 0 0
3 0 5 2 0 0 0
7 0 5 2 0 0 0
3 0 6 2 0 0 0
7 0 6 2 0 0 0
3 0 7 2 0 0 0
4 0 7 2 0 0 0
5 0 7 2 0 0 0
6 0 7 2 0 0 0
7 0 7 2 0 0 0
0 1 0 7 0 0 0
5 1 0 1 0 0 0
6 1 0 1 0 0 0
7 1 0 1 0 0 0
8 1 0 1 0 0 0
9 1 0 1 0 0 0
1 1 1 7 0 0 0
5 1 1 1 0 0 0
6 1 1 1 0 0 0
7 1 1 1 0 0 0
8 1 1 1 0 0 0
9 1 1 1 0 0 0
5 1 2 1 0 0 0
6 1 2 1 0 0 0
7 1 2 1 0 0 0
8 1 2 1 0 0 0
9 1 2 1 0 0 0
3 1 3 2 0 0 0
4 1 3 2 0 0 0
5 1 3 2 0 0 0
6 1 3 2 0 0 0
7 1 3 2 0 0 0
3 1 4 2 0 0 0
7 1 4 2 0 0 0
3 1 5 2 0 0 0
7 1 5 2 0 0 0
3 1 6 2 0 0 0
7 1 6 2 0 0 0
3 1 7 2 0 0 0
4 1 7 2 0 0 0
5 1 7 2 0 0 0
6 1 7 2 0 0 0
7 1 7 2 0 0 0
3 2 3 2 0 0 0
4 2 3 2 0 0 0
5 2 3 2 0 0 0
6 2 3 2 0 0 0
7 2 3 2 0 0 0
8 2 3 1 0 0 0
9 2 3 1 0 0 0
3 2 4 2 0 0 0
7 2 4 2 0 0 0
8 2 4 1 0 0 0
9 2 4 1 0 0 0
3 2 5 2 0 0 0
7 2 5 2 0 0 0
8 2 5 1 0 0 0
9 2 5 1 0 0 0
3 2 6 2 0 0 0
7 2 6 2 0 0 0
8 2 6 1 0 0 0
9 2 6 1 0 0 0
3 2 7 2 0 0 0
4 2 7 2 0 0 0
5 2 7 2 0 0 0
6 2 7 2 0 0 0
7 2 7 2 0 0 0
8 2 7 1 0 0 0
9 2 7 1 0 0 0
8 2 8 1 0 0 0
9 2 8 1 0 0 0
8 2 9 1 0 0 0
9 2 9 1 0 0 0
3 3 3 2 0 0 0
4 3 3 2 0 0 0
5 3 3 2 0 0 0
6 3 3 2 0 0 0
7 3 3 2 0 0 0
3 3 4 2 0 0 0
7 3 4 2 0 0 0
3 3 5 2 0 0 0
7 3 5 2 0 0 0
3 3 6 2 0 0 0
7 3 6 2 0 0 0
3 3 7 2 0 0 0
4 3 7 2 0 0 0
5 3 7 2 0 0 0
6 3 7 2 0 0 0
7 3 7 2 0 0 0
3 3 8 1 0 0 0
4 3 8 1 0 0 0
5 3 8 1 0 0 0
6 3 8 1 0 0 0
7 3 8 1 0 0 0
3 3 9 1 0 0 0
4 3 9 1 0 0 0
5 3 9 1 0 0 0
6 3 9 1 0 0 0
7 3 9 1 0 0 0
3 4 3 2 0 0 0
4 4 3 2 0 0 0
5 4 3 2 0 0 0
6 4 3 2 0 0 0
7 4 3 2 0 0 0
3 4 4 2 0 0 0
7 4 4 2 0 0 0
3 4 5 2 0 0 0
7 4 5 2 0 0 0
3 4 6 2 0 0 0
7 4 6 2 0 0 0
3 4 7 2 0 0 0
4 4 7 2 0 0 0
5 4 7 2 0 0 0
6 4 7 2 0 0 0
7 4 7 2 0 0 0
4 4 8 3 0 0 0
5 4 8 3 0 0 0
6 4 8 3 0 0 0
3 5 3 2 0 0 0
4 5 3 2 0 0 0
5 5 3 2 0 0 0
6 5 3 2 0 0 0
7 5 3 2 0 0 0
3 5 4 2 0 0 0
7 5 4 2 0 0 0
3 5 5 2 0 0 0
7 5 5 2 0 0 0
3 5 6 2 0 0 0
7 5 6 2 0 0 0
3 5 7 2 0 0 0
4 5 7 2 0 0 0
5 5 7 2 0 0 0
6 5 7 2 0 0 0
7 5 7 2 0 0 0
4 5 8 3 0 0 0
5 5 8 3 0 0 0
6 5 8 3 0 0 0
3 6 3 2 0 0 0
4 6 3 2 0 0 0
5 6 3 2 0 0 0
6 6 3 2 0 0 0
7 6 3 2 0 0 0
3 6 4 2 0 0 0
4 6 4 2 0 0 0
5 6 4 2 0 0 0
6 6 4 2 0 0 0
7 6 4 2 0 0 0
3 6 5 2 0 0 0
4 6 5 2 0 0 0
5 6 5 2 0 0 0
6 6 5 2 0 0 0
7 6 5 2 0 0 0
3 6 6 2 0 0 0
4 6 6 2 0 0 0
5 6 6 2 0 0 0
6 6 6 2 0 0 0
7 6 6 2 0 0 0
3 6 7 2 0 0 0
4 6 7 2 0 0 0
5 6 7 2 0 0 0
6 6 7 2 0 0 0
7 6 7 2 0 0 0
4 6 8 3 0 0 0
5 6 8 3 0 0 0
6 6 8 3 0 0 0
5 7 5 6 0 0 0
